1996 10 23 16.0833339691162
1996 10 24 16.0208339691162
1996 10 25 15.9791669845581
1996 10 28 15.8333330154419
1996 10 29 16
1996 10 30 16
1996 10 31 16.125
1996 11 1 16.1041660308838
1996 11 4 16.2291660308838
1996 11 5 16.4583339691162
1996 11 6 16.9375
1996 11 7 17.125
1996 11 8 17.0208339691162
1996 11 11 17
1996 11 12 16.9791660308838
1996 11 13 17.2708339691162
1996 11 14 17.5
1996 11 15 17.375
1996 11 18 17.2291660308838
1996 11 19 17.1666660308838
1996 11 20 17.125
1996 11 21 16.9375
1996 11 22 16.8333339691162
1996 11 25 17.2916660308838
1996 11 26 17
1996 11 27 17.0833339691162
1996 11 29 17.3333339691162
1996 12 2 17.2083339691162
1996 12 3 16.5416660308838
1996 12 4 16.4843673706055
1996 12 5 16.2708339691162
1996 12 6 16.3125
1996 12 9 16.4166660308838
1996 12 10 16.3541660308838
1996 12 11 16.1666660308838
1996 12 12 16.125
1996 12 13 16.125
1996 12 16 15.8541669845581
1996 12 17 16.2708339691162
1996 12 18 16.5416660308838
1996 12 19 17.125
1996 12 20 17.0416660308838
1996 12 23 16.8333339691162
1996 12 24 17
1996 12 26 17.2083339691162
1996 11 12 16.9791660308838
1996 11 13 17.2708339691162
1996 11 14 17.5
1996 11 15 17.375
1996 11 18 17.2291660308838
1996 11 19 17.1666660308838
1996 11 20 17.125
1996 11 21 16.9375
1996 11 22 16.8333339691162
1996 11 25 17.2916660308838
1996 11 26 17
1996 11 27 17.0833339691162
1996 11 29 17.3333339691162
1996 12 2 17.2083339691162
1996 12 3 16.5416660308838
1996 12 4 16.4843673706055
1996 12 5 16.2708339691162
1996 12 6 16.3125
1996 12 9 16.4166660308838
1996 12 10 16.3541660308838
1996 12 11 16.1666660308838
1996 12 12 16.125
1996 12 13 16.125
1996 12 16 15.8541669845581
1996 12 17 16.2708339691162
1996 12 18 16.5416660308838
1996 12 19 17.125
1996 12 20 17.0416660308838
1996 12 23 16.8333339691162
1996 12 24 17
1996 12 26 17.2083339691162
1996 12 27 17.0833339691162
1996 12 30 16.9375
1996 12 31 16.4791660308838
1997 1 2 16.2708339691162
1997 1 3 16.5208339691162
1997 1 6 16.5
1997 1 7 16.8333339691162
1997 1 8 16.6041660308838
1997 1 9 16.8541660308838
1997 1 10 16.8958339691162
1997 1 13 17.2083339691162
1997 1 14 17.4375
1997 1 15 17.1458339691162
1997 1 16 16.9166660308838
1997 1 17 17.2708339691162
1997 1 20 17.5
1997 1 21 17.5833339691162
1997 1 22 17.8958339691162
1997 1 23 17.3541660308838
1997 1 24 16.9791660308838
1997 1 27 16.7291660308838
1997 1 28 16.7708339691162
1997 1 29 17.2708339691162
1997 1 30 17.6041660308838
1997 1 31 17.25
1997 2 3 17.5416660308838
1997 2 4 17.3125
1997 2 5 17.1666660308838
1997 2 6 17.3333339691162
1997 2 7 17.5
1997 2 10 17.3125
1997 2 11 17.4375
1997 2 12 17.6458339691162
1997 2 13 17.875
1997 2 14 17.7291660308838
1997 2 18 17.9166660308838
1997 2 19 17.9166660308838
1997 2 20 17.625
1997 2 21 17.5208339691162
1997 2 24 17.7708339691162
1997 2 25 17.6666660308838
1997 2 26 17.7083339691162
1997 2 27 17.5208339691162
1997 2 28 17.1458339691162
1997 3 3 17.2291660308838
1997 3 4 16.8958339691162
1997 3 5 17.2708339691162
1997 3 6 17.4375
1997 3 7 17.5625
1997 3 10 17.6458339691162
1997 3 11 17.5208339691162
1997 3 12 17.4583339691162
1997 3 13 17.2708339691162
1997 3 14 17.1666660308838
1997 3 17 17.3958339691162
1997 3 18 17.1666660308838
1997 3 19 17.25
1997 3 20 17.1041660308838
1997 3 21 17.125
1997 3 24 17.6458339691162
1997 3 25 17.5
1997 3 26 17.3125
1997 3 27 16.875
1997 3 31 16.5416660308838
1997 4 1 16.4375
1997 4 2 16.2916660308838
1997 4 3 16.3958339691162
1997 4 4 16.8125
1997 4 7 16.75
1997 4 8 16.875
1997 4 9 16.9791660308838
1997 4 10 16.9166660308838
1997 4 11 16.3125
1997 4 14 16.6666660308838
1997 4 15 17.1458339691162
1997 4 16 17.5625
1997 4 17 17.3125
1997 4 18 17.4583339691162
1997 4 21 17.3958339691162
1997 4 22 18.0833339691162
1997 4 23 17.8541660308838
1997 4 24 17.7708339691162
1997 4 25 17.75
1997 4 28 17.875
1997 4 29 18.4375
1997 4 30 18.5
1997 5 1 18.2916660308838
1997 5 2 18.8541660308838
1997 5 5 19.4166660308838
1997 5 6 19.4583339691162
1997 5 7 19.2916660308838
1997 5 8 19.3541660308838
1997 5 9 19.4166660308838
1997 5 12 19.9583339691162
1997 5 13 20.25
1997 5 14 20.2916660308838
1997 5 15 20.6666660308838
1997 5 16 20.1666660308838
1997 5 19 20.3333339691162
1997 5 20 20.8333339691162
1997 5 21 20.5833339691162
1997 5 22 20.3333339691162
1997 5 23 20.4583339691162
1997 5 27 20.2916660308838
1997 5 28 20.3333339691162
1997 5 29 20.375
1997 5 30 20.125
1997 6 2 20.2083339691162
1997 6 3 20.2083339691162
1997 6 4 20.2916660308838
1997 6 5 20.0833339691162
1997 6 6 20.75
1997 6 9 20.9583339691162
1997 6 10 21.0833339691162
1997 6 11 21.2083339691162
1997 6 12 21.7083339691162
1997 6 13 22.0416660308838
1997 6 16 22.1666660308838
1997 6 17 22.1666660308838
1997 6 18 22.0833339691162
1997 6 19 22.375
1997 6 20 22.5416660308838
1997 6 23 21.8333339691162
1997 6 24 22.1041660308838
1997 6 25 21.7916660308838
1997 6 26 21.7083339691162
1997 6 27 21.7708339691162
1997 6 30 21.6666660308838
1997 7 1 22.1666660308838
1997 7 2 22.5208339691162
1997 7 3 23.125
1997 7 7 23.2916660308838
1997 7 8 23.1666660308838
1997 7 9 22.8125
1997 7 10 23.1666660308838
1997 7 11 23.5416660308838
1997 7 14 23.6666660308838
1997 7 15 24.0625
1997 7 16 24.6666660308838
1997 7 17 24.3958339691162
1997 7 18 23.7083339691162
1997 7 21 23.5416660308838
1997 7 22 23.9583339691162
1997 7 23 24.0625
1997 7 24 23.9583339691162
1997 7 25 24.1041660308838
1997 7 28 23.8541660308838
1997 7 29 23.6458339691162
1997 7 30 23.5833339691162
1997 7 31 23.375
1997 8 1 23.0416660308838
1997 8 4 22.6666660308838
1997 8 5 22.5833339691162
1997 8 6 23.1041660308838
1997 8 7 22.75
1997 8 8 22.3541660308838
1997 8 11 22.5416660308838
1997 8 12 22.0625
1997 8 13 22.25
1997 8 14 22.25
1997 8 15 21.125
1997 8 18 21.9583339691162
1997 8 19 22.125
1997 8 20 22.625
1997 8 21 21.9791660308838
1997 8 22 21.625
1997 8 25 21.375
1997 8 26 21.0833339691162
1997 8 27 20.9166660308838
1997 8 28 20.8333339691162
1997 8 29 20.8541660308838
1997 9 2 22.0625
1997 9 3 22.3333339691162
1997 9 4 22.1875
1997 9 5 22.0833339691162
1997 9 8 22.3125
1997 9 9 22.25
1997 9 10 21.9791660308838
1997 9 11 21.6666660308838
1997 9 12 22.0833339691162
1997 9 15 22.125
1997 9 16 22.8541660308838
1997 9 17 23.2291660308838
1997 9 18 23.375
1997 9 19 23.3958339691162
1997 9 22 23.4375
1997 9 23 23.0416660308838
1997 9 24 22.875
1997 9 25 22.2916660308838
1997 9 26 22.7708339691162
1997 9 29 23.0208339691162
1997 9 30 22.6875
1997 10 1 22.8541660308838
1997 10 2 23.1666660308838
1997 10 3 23.0208339691162
1997 10 6 23.2916660308838
1997 10 7 24
1997 10 8 23.5
1997 10 9 23.5416660308838
1997 10 10 23.2916660308838
1997 10 13 23.125
1997 10 14 23.125
1997 10 15 22.9166660308838
1997 10 16 23.1041660308838
1997 10 17 23.125
1997 10 20 23.375
1997 10 21 23.5416660308838
1997 10 22 23.1458339691162
1997 10 23 22.4583339691162
1997 10 24 21.9791660308838
1997 10 27 20.6458339691162
1997 10 28 22.1666660308838
1997 10 29 21.625
1997 10 30 21.0833339691162
1997 10 31 21.5416660308838
1997 11 3 22.375
1997 11 4 22.8125
1997 11 5 23.0416660308838
1997 11 6 22.9166660308838
1997 11 7 22.5833339691162
1997 11 10 22.3333339691162
1997 11 11 22.4583339691162
1997 11 12 21.9166660308838
1997 11 13 22.7916660308838
1997 11 14 23.1041660308838
1997 11 17 23.7291660308838
1997 11 18 23.1875
1997 11 19 23.5625
1997 11 20 23.9791660308838
1997 11 21 24.25
1997 11 24 23.875
1997 11 25 24.25
1997 11 26 24.4791660308838
1997 11 28 24.625
1997 12 1 24.6666660308838
1997 12 2 24.5416660308838
1997 12 3 24.3333339691162
1997 12 4 24.1666660308838
1997 12 5 24.4791660308838
1997 12 8 24.5208339691162
1997 12 9 24.875
1997 12 10 24.5833339691162
1997 12 11 24.1666660308838
1997 12 12 24.0833339691162
1997 12 15 24.875
1997 12 16 25.125
1997 12 17 25
1997 12 18 24.6666660308838
1997 12 19 24.3333339691162
1997 12 22 24.625
1997 12 23 23.6875
1997 12 24 23.6875
1997 12 26 23.6041660308838
1997 12 29 24.1458339691162
1997 12 30 24.7916660308838
1997 12 31 24.4583339691162
1998 1 2 24.6666660308838
1998 1 5 25.1041660308838
1998 1 6 24.7708339691162
1998 1 7 24.9791660308838
1998 1 8 24.75
1998 1 9 24.1458339691162
1998 1 12 24.8125
1998 1 13 24.8958339691162
1998 1 14 24.7916660308838
1998 1 15 24.2291660308838
1998 1 16 24.4583339691162
1998 1 20 25.1875
1998 1 21 25.1875
1998 1 22 25.0625
1998 1 23 24.6875
1998 1 26 24.8958339691162
1998 1 27 25.4166660308838
1998 1 28 25.4166660308838
1998 1 29 25.7083339691162
1998 1 30 25.8333339691162
1998 2 2 26.1875
1998 2 3 25.8541660308838
1998 2 4 25.625
1998 2 5 25.5625
1998 2 6 25.8958339691162
1998 2 9 25.6875
1998 2 10 25.8333339691162
1998 2 11 26.1458339691162
1998 2 12 26.1666660308838
1998 2 13 25.9375
1998 2 17 26.0208339691162
1998 2 18 26.1458339691162
1998 2 19 25.9375
1998 2 20 26.0625
1998 2 23 25.8958339691162
1998 2 24 25.5833339691162
1998 2 25 25.7083339691162
1998 2 26 25.6666660308838
1998 2 27 25.9166660308838
1998 3 2 25.5208339691162
1998 3 3 25.75
1998 3 4 25.4375
1998 3 5 25.4583339691162
1998 3 6 26.0833339691162
1998 3 9 26.1666660308838
1998 3 10 26.25
1998 3 11 26.3333339691162
1998 3 12 26.3958339691162
1998 3 13 26.1041660308838
1998 3 16 26.4583339691162
1998 3 17 26.6666660308838
1998 3 18 26.5625
1998 3 19 26.6875
1998 3 20 27.2083339691162
1998 3 23 26.8125
1998 3 24 27.5416660308838
1998 3 25 27.3333339691162
1998 3 26 27.4791660308838
1998 3 27 27.8333339691162
1998 3 30 28.4375
1998 3 31 28.7291660308838
1998 4 1 28.8125
1998 4 2 29.25
1998 4 3 29.125
1998 4 6 28.9375
1998 4 7 29.0416660308838
1998 4 8 28.7083339691162
1998 4 9 28.8333339691162
1998 4 13 28.9375
1998 4 14 28.875
1998 4 15 28.8541660308838
1998 4 16 28.5416660308838
1998 4 17 29.0833339691162
1998 4 20 28.7083339691162
1998 4 21 28.6875
1998 4 22 28.3958339691162
1998 4 23 28.1458339691162
1998 4 24 27.9583339691162
1998 4 27 27.4791660308838
1998 4 28 27.0416660308838
1998 4 29 27.4375
1998 4 30 28.3958339691162
1998 5 1 28.3333339691162
1998 5 4 28.125
1998 5 5 27.7708339691162
1998 5 6 27.6875
1998 5 7 27.2916660308838
1998 5 8 27.7291660308838
1998 5 11 27.7291660308838
1998 5 12 27.8125
1998 5 13 28.2083339691162
1998 5 14 28.0416660308838
1998 5 15 27.5416660308838
1998 5 18 27.5
1998 5 19 27.625
1998 5 20 28.5625
1998 5 21 28.6458339691162
1998 5 22 28.3333339691162
1998 5 26 27.6041660308838
1998 5 27 27.9166660308838
1998 5 28 28.125
1998 5 29 27.7916660308838
1998 6 1 27.625
1998 6 2 27.5833339691162
1998 6 3 27.1041660308838
1998 6 4 27.8125
1998 6 5 28.25
1998 6 8 28.1458339691162
1998 6 9 28.2708339691162
1998 6 10 28.4166660308838
1998 6 11 28.0625
1998 6 12 28.4166660308838
1998 6 15 27.9583339691162
1998 6 16 28.4166660308838
1998 6 17 29.1875
1998 6 18 29.3125
1998 6 19 29
1998 6 22 28.7083339691162
1998 6 23 29.375
1998 6 24 29.9375
1998 6 25 29.9166660308838
1998 6 26 30.0208339691162
1998 6 29 30.2916660308838
1998 6 30 30.2916660308838
1998 7 1 30.3958339691162
1998 7 2 30.3125
1998 7 6 30.625
1998 7 7 30.875
1998 7 8 31.1041660308838
1998 7 9 31.375
1998 7 10 31.2708339691162
1998 7 13 31.1875
1998 7 14 31.6875
1998 7 15 31.3541660308838
1998 7 16 31.9166660308838
1998 7 17 32.2291679382324
1998 7 20 31.8333339691162
1998 7 21 30.9791660308838
1998 7 22 30.4583339691162
1998 7 23 30
1998 7 24 30.5625
1998 7 27 30.6666660308838
1998 7 28 30.2708339691162
1998 7 29 29.8333339691162
1998 7 30 30.4375
1998 7 31 29.8125
1998 8 3 29.8333339691162
1998 8 4 28.4791660308838
1998 8 5 28.9166660308838
1998 8 6 29.6041660308838
1998 8 7 29.375
1998 8 10 29.2708339691162
1998 8 11 29.1041660308838
1998 8 12 29.7916660308838
1998 8 13 29.2916660308838
1998 8 14 29.1458339691162
1998 8 17 29.7708339691162
1998 8 18 30.25
1998 8 19 30.4166660308838
1998 8 20 30.1458339691162
1998 8 21 29.875
1998 8 24 29.9166660308838
1998 8 25 30.1041660308838
1998 8 26 30.1458339691162
1998 8 27 28.8541660308838
1998 8 28 28.625
1998 8 31 26.6666660308838
1998 9 1 27.5625
1998 9 2 26.7916660308838
1998 9 3 25.9166660308838
1998 9 4 25.2916660308838
1998 9 8 27.2916660308838
1998 9 9 26.7291660308838
1998 9 10 25.6875
1998 9 11 26.4166660308838
1998 9 14 26.375
1998 9 15 26.0208339691162
1998 9 16 26.625
1998 9 17 26.0833339691162
1998 9 18 25.9583339691162
1998 9 21 26.4166660308838
1998 9 22 26.625
1998 9 23 28.0208339691162
1998 9 24 27.25
1998 9 25 27.6875
1998 9 28 27.8541660308838
1998 9 29 27.625
1998 9 30 26.5208339691162
1998 10 1 25.1875
1998 10 2 25.125
1998 10 5 24.3333339691162
1998 10 6 24.5833339691162
1998 10 7 25
1998 10 8 23.8541660308838
1998 10 9 24.1666660308838
1998 10 12 24.6875
1998 10 13 25.375
1998 10 14 25.875
1998 10 15 27.3333339691162
1998 10 16 27.9375
1998 10 19 27.7916660308838
1998 10 20 27.4166660308838
1998 10 21 27.9583339691162
1998 10 22 28.8333339691162
1998 10 23 28.8541660308838
1998 10 26 28.625
1998 10 27 28.5
1998 10 28 28.3125
1998 10 29 28.9375
1998 10 30 29.1666660308838
1998 11 2 29.125
1998 11 3 29.5
1998 11 4 29.5833339691162
1998 11 5 30.2708339691162
1998 11 6 30.125
1998 11 9 29.5833339691162
1998 11 10 29.6875
1998 11 11 29.0625
1998 11 12 28.875
1998 11 13 29.3958339691162
1998 11 16 30.1458339691162
1998 11 17 30
1998 11 18 30.5833339691162
1998 11 19 30.8541660308838
1998 11 20 30.8958339691162
1998 11 23 31.5416660308838
1998 11 24 31.4166660308838
1998 11 25 31.0625
1998 11 27 30.7708339691162
1998 11 30 30.125
1998 12 1 30.375
1998 12 2 30.3125
1998 12 3 29.3541660308838
1998 12 4 30.0416660308838
1998 12 7 30.2708339691162
1998 12 8 30.1458339691162
1998 12 9 30
1998 12 10 29.4791660308838
1998 12 11 29.6875
1998 12 14 28.9375
1998 12 15 31.0416660308838
1998 12 16 30.6666660308838
1998 12 17 31.4375
1998 12 18 32.2916679382324
1998 12 21 32.7916679382324
1998 12 22 33.0208320617676
1998 12 23 33.7916679382324
1998 12 24 33.6458320617676
1998 12 28 33.8958320617676
1998 12 29 34.4166679382324
1998 12 30 34.1041679382324
1998 12 31 34
1999 1 4 33.5208320617676
1999 1 5 34.2291679382324
1999 1 6 34.8958320617676
1999 1 7 34.3125
1999 1 8 34.125
1999 1 11 33.2291679382324
1999 1 12 32.5833320617676
1999 1 13 32.1875
1999 1 14 32.3541679382324
1999 1 15 33.5833320617676
1999 1 19 33.8125
1999 1 20 33.4583320617676
1999 1 21 33.1041679382324
1999 1 22 32.625
1999 1 25 33.5
1999 1 26 34
1999 1 27 33.8333320617676
1999 1 28 34.4791679382324
1999 1 29 34.9583320617676
1999 2 1 34.0625
1999 2 2 34
1999 2 3 34.2916679382324
1999 2 4 33.375
1999 2 5 32.6666679382324
1999 2 8 32.5208320617676
1999 2 9 32
1999 2 10 32.6458320617676
1999 2 11 33.3333320617676
1999 2 12 32.5416679382324
1999 2 16 33
1999 2 17 33.1041679382324
1999 2 18 33.5416679382324
1999 2 19 33.4583320617676
1999 2 22 34.6666679382324
1999 2 23 34.3333320617676
1999 2 24 33.6666679382324
1999 2 25 33.4583320617676
1999 2 26 33.4375
1999 3 1 33.6458320617676
1999 3 2 33.1041679382324
1999 3 3 32.9166679382324
1999 3 4 33.5
1999 3 5 34.5625
1999 3 8 34.9375
1999 3 9 35.3333320617676
1999 3 10 35.25
1999 3 11 35.6875
1999 3 12 35.7916679382324
1999 3 15 36.7083320617676
1999 3 16 36.6666679382324
1999 3 17 36.1458320617676
1999 3 18 36.6666679382324
1999 3 19 37.3333320617676
1999 3 22 36.7916679382324
1999 3 23 35.5208320617676
1999 3 24 35.5833320617676
1999 3 25 36.1666679382324
1999 3 26 35.9375
1999 3 29 37.3333320617676
1999 3 30 37.7708320617676
1999 3 31 36.875
1999 4 1 37.2083320617676
1999 4 5 38.2083320617676
1999 4 6 37.7708320617676
1999 4 7 38.1666679382324
1999 4 8 37.9583320617676
1999 4 9 37.3958320617676
1999 4 12 38.8333320617676
1999 4 13 38.9791679382324
1999 4 14 38.0208320617676
1999 4 15 37.5
1999 4 16 37.0833320617676
1999 4 19 34.9166679382324
1999 4 20 36.4375
1999 4 21 37.8541679382324
1999 4 22 37.75
1999 4 23 37.625
1999 4 26 37.8333320617676
1999 4 27 37.5
1999 4 28 37.1666679382324
1999 4 29 35.875
1999 4 30 35.125
1999 5 3 35.2083320617676
1999 5 4 34.9791679382324
1999 5 5 36.3333320617676
1999 5 6 36.0833320617676
1999 5 7 36.6458320617676
1999 5 10 36.25
1999 5 11 36.9791679382324
1999 5 12 36.7291679382324
1999 5 13 36.4375
1999 5 14 35.3125
1999 5 17 35.4166679382324
1999 5 18 34.75
1999 5 19 36
1999 5 20 35.4791679382324
1999 5 21 34.7083320617676
1999 5 24 34.5
1999 5 25 34.125
1999 5 26 34.375
1999 5 27 33.5625
1999 5 28 33.8958320617676
1999 6 1 34.1875
1999 6 2 34.0208320617676
1999 6 3 34.2916679382324
1999 6 4 34.9583320617676
1999 6 7 34.8125
1999 6 8 34.125
1999 6 9 34.2291679382324
1999 6 10 33.6666679382324
1999 6 11 33.7812347412109
1999 6 14 34.5833320617676
1999 6 15 34.7291679382324
1999 6 16 35.6041679382324
1999 6 17 36.1458320617676
1999 6 18 35.8541679382324
1999 6 21 35.1875
1999 6 22 35.2916679382324
1999 6 23 35.2708320617676
1999 6 24 35.5833320617676
1999 6 25 34.8125
1999 6 28 35.3958320617676
1999 6 29 36.5625
1999 6 30 37.6666679382324
1999 7 1 37.1666679382324
1999 7 2 37.5625
1999 7 6 37.9791679382324
1999 7 7 39.3125
1999 7 8 39
1999 7 9 39.0416679382324
1999 7 12 38.4583320617676
1999 7 13 38.5208320617676
1999 7 14 38.6041679382324
1999 7 15 39.1875
1999 7 16 39.625
1999 7 19 40
1999 7 20 39.1875
1999 7 21 38.9791679382324
1999 7 22 38.3333320617676
1999 7 23 38.3958320617676
1999 7 26 38
1999 7 27 38.75
1999 7 28 38
1999 7 29 37.3333320617676
1999 7 30 36.3333320617676
1999 8 2 35.9583320617676
1999 8 3 35.9583320617676
1999 8 4 35.5833320617676
1999 8 5 36.5208320617676
1999 8 6 35.6666679382324
1999 8 9 35.0208320617676
1999 8 10 34.9583320617676
1999 8 11 35.3541679382324
1999 8 12 35.0208320617676
1999 8 13 35.9166679382324
1999 8 16 36.6041679382324
1999 8 17 37.1458320617676
1999 8 18 37.2291679382324
1999 8 19 37
1999 8 20 37.6041679382324
1999 8 23 38.8541679382324
1999 8 24 38.875
1999 8 25 39.7708320617676
1999 8 26 39.6458320617676
1999 8 27 38.8541679382324
1999 8 30 38.0833320617676
1999 8 31 37.4375
1999 9 1 37.8958320617676
1999 9 2 37.6458320617676
1999 9 3 38.8020668029785
1999 9 7 39.9375
1999 9 8 40.2916679382324
1999 9 9 39.9166679382324
1999 9 10 39.7291679382324
1999 9 13 39.5208320617676
1999 9 14 38.9166679382324
1999 9 15 38.6666679382324
1999 9 16 39.0833320617676
1999 9 17 40
1999 9 20 40.6666679382324
1999 9 21 39.75
1999 9 22 39.6666679382324
1999 9 23 38.9166679382324
1999 9 24 39.3333320617676
1999 9 27 40
1999 9 28 39.4583320617676
1999 9 29 38.8125
1999 9 30 39.5208320617676
1999 10 1 39.125
1999 10 4 40.0208320617676
1999 10 5 40.3125
1999 10 6 41.2291679382324
1999 10 7 40.625
1999 10 8 41.5833320617676
1999 10 11 41.0416679382324
1999 10 12 40.4583320617676
1999 10 13 39.8541679382324
1999 10 14 40.0416679382324
1999 10 15 38.5833320617676
1999 10 18 39.2083320617676
1999 10 19 39.3541679382324
1999 10 20 40.5416679382324
1999 10 21 41.0833320617676
1999 10 22 41.875
1999 10 25 41.75
1999 10 26 41.875
1999 10 27 42.8125
1999 10 28 44.3333320617676
1999 10 29 45.1666679382324
1999 11 1 43.125
1999 11 2 43
1999 11 3 43.7916679382324
1999 11 4 43.9583320617676
1999 11 5 44.5833320617676
1999 11 8 44.6666679382324
1999 11 9 44.4583320617676
1999 11 10 44.6666679382324
1999 11 11 44.6666679382324
1999 11 12 45.125
1999 11 15 45.1666679382324
1999 11 16 46.5416679382324
1999 11 17 47.0625
1999 11 18 46.4583320617676
1999 11 19 45.8958320617676
1999 11 22 46.7291679382324
1999 11 23 45.875
1999 11 24 45.625
1999 11 26 45.2083320617676
1999 11 29 44.375
1999 11 30 43.375
1999 12 1 44.8333320617676
1999 12 2 44.8958320617676
1999 12 3 45.4166679382324
1999 12 6 45.7447662353516
1999 12 7 46.6666679382324
1999 12 8 47.0885314941406
1999 12 9 47.8541679382324
1999 12 10 49.1458320617676
1999 12 13 49.6041679382324
1999 12 14 49.9583320617676
1999 12 15 48.1041679382324
1999 12 16 49.2083320617676
1999 12 17 50.625
1999 12 20 51.0885314941406
1999 12 21 52.6041679382324
1999 12 22 52.625
1999 12 23 52.5
1999 12 27 53.1666679382324
1999 12 28 52.4166679382324
1999 12 29 52.1875
1999 12 30 51.6666679382324
1999 12 31 51.5833320617676
2000 1 3 50
2000 1 4 48
2000 1 5 47.9166679382324
2000 1 6 48.5572662353516
2000 1 7 50.4375
2000 1 10 50.4166679382324
2000 1 11 50.5
2000 1 12 50.6666679382324
2000 1 13 51.25
2000 1 14 50.3333320617676
2000 1 18 49.3333320617676
2000 1 19 49.5728988647461
2000 1 20 48.6458320617676
2000 1 21 48.0416679382324
2000 1 24 46.0416679382324
2000 1 25 46.1666679382324
2000 1 26 47.1458320617676
2000 1 27 47.25
2000 1 28 44.6666679382324
2000 1 31 44.6666679382324
2000 2 1 45.3333320617676
2000 2 2 44.6875
2000 2 3 46.4166679382324
2000 2 4 47.1875
2000 2 7 45.5
2000 2 8 45.6875
2000 2 9 44.6875
2000 2 10 45.1458320617676
2000 2 11 44.5833320617676
2000 2 14 44.7916679382324
2000 2 15 45.8333320617676
2000 2 16 45.2187347412109
2000 2 17 43.6666679382324
2000 2 18 41.7083320617676
2000 2 22 43.2083320617676
2000 2 23 43.5
2000 2 24 43.6666679382324
2000 2 25 42.0416679382324
2000 2 28 43.1458320617676
2000 2 29 44.125
2000 3 1 43.7916679382324
2000 3 2 45.0833320617676
2000 3 3 46.4583320617676
2000 3 6 45.8125
2000 3 7 43.3125
2000 3 8 43.4375
2000 3 9 43
2000 3 10 43.8958320617676
2000 3 13 43.1458320617676
2000 3 14 42.3333320617676
2000 3 15 44.5208320617676
2000 3 16 46.3333320617676
2000 3 17 46.625
2000 3 20 46.9791679382324
2000 3 21 50.1666679382324
2000 3 22 50.2916679382324
2000 3 23 53.3333320617676
2000 3 24 53.0208320617676
2000 3 27 52.6458320617676
2000 3 28 52
2000 3 29 54.3333320617676
2000 3 30 52.9166679382324
2000 3 31 51.875
2000 4 3 53.6666679382324
2000 4 4 51.3333320617676
2000 4 5 51.1041679382324
2000 4 6 52.2916679382324
2000 4 7 52.9375
2000 4 10 53.1458320617676
2000 4 11 53.875
2000 4 12 52.25
2000 4 13 50.1666679382324
2000 4 14 48.5833320617676
2000 4 17 50.6666679382324
2000 4 18 52.1666679382324
2000 4 19 51.8333320617676
2000 4 20 52.8333320617676
2000 4 24 54.0208320617676
2000 4 25 55.3333320617676
2000 4 26 54.4166679382324
2000 4 27 53.8333320617676
2000 4 28 52.4166679382324
2000 5 1 53.125
2000 5 2 53.6875
2000 5 3 52.0208320617676
2000 5 4 51.3333320617676
2000 5 5 52.6666679382324
2000 5 8 52.4375
2000 5 9 52.125
2000 5 10 50.625
2000 5 11 50.9375
2000 5 12 52.25
2000 5 15 54
2000 5 16 54.25
2000 5 17 53.625
2000 5 18 53.125
2000 5 19 51.875
2000 5 22 50
2000 5 23 50
2000 5 24 50.75
2000 5 25 50.75
2000 5 26 49.5625
2000 5 30 51.25
2000 5 31 52.625
2000 6 1 52.375
2000 6 2 52.75
2000 6 5 51.5625
2000 6 6 51.1875
2000 6 7 51.375
2000 6 8 50.875
2000 6 9 49.875
2000 6 12 49.875
2000 6 13 51.1875
2000 6 14 51
2000 6 15 51.875
2000 6 16 51.125
2000 6 19 50.25
2000 6 20 51
2000 6 21 49.4375
2000 6 22 48.75
2000 6 23 49.875
2000 6 26 49.9375
2000 6 27 49.25
2000 6 28 50.5467987060547
2000 6 29 49.75
2000 6 30 53
2000 7 3 52
2000 7 5 49.9375
2000 7 6 50.1875
2000 7 7 51.3125
2000 7 10 52.4375
2000 7 11 52.25
2000 7 12 53.75
2000 7 13 52.5
2000 7 14 51.5
2000 7 17 53.6875
2000 7 18 52.25
2000 7 19 52.75
2000 7 20 54.3125
2000 7 21 54.125
2000 7 24 54
2000 7 25 53.5625
2000 7 26 52.125
2000 7 27 52.5
2000 7 28 50.9375
2000 7 31 51.6875
2000 8 1 52.75
2000 8 2 52
2000 8 3 52.875
2000 8 4 53.375
2000 8 7 52.625
2000 8 8 53.75
2000 8 9 55.9375
2000 8 10 57
2000 8 11 56.5625
2000 8 14 57
2000 8 15 57.25
2000 8 16 56.8125
2000 8 17 56.6875
2000 8 18 56.1875
2000 8 21 56.5625
2000 8 22 56.25
2000 8 23 57.9375
2000 8 24 58.9375
2000 8 25 59.25
2000 8 28 60
2000 8 29 59.875
2000 8 30 57.5
2000 8 31 58.625
2000 9 1 58.5
2000 9 5 57.8125
2000 9 6 59
2000 9 7 59
2000 9 8 59.875
2000 9 11 59.6875
2000 9 12 59.0625
2000 9 13 59.0625
2000 9 14 59
2000 9 15 56.75
2000 9 18 57.5
2000 9 19 57
2000 9 20 56.625
2000 9 21 56.25
2000 9 22 57.3125
2000 9 25 58.0625
2000 9 26 58
2000 9 27 59.4375
2000 9 28 59
2000 9 29 57.8125
2000 10 2 58.5
2000 10 3 59.0625
2000 10 4 58.875
2000 10 5 59.75
2000 10 6 59.4375
2000 10 9 58.5
2000 10 10 58.0625
2000 10 11 56.625
2000 10 12 54.5
2000 10 13 57
2000 10 16 57.75
2000 10 17 55.625
2000 10 18 55.5
2000 10 19 55.625
2000 10 20 52.125
2000 10 23 49.75
2000 10 24 53.375
2000 10 25 52.9375
2000 10 26 52.125
2000 10 27 52.25
2000 10 30 54
2000 10 31 54.8125
2000 11 1 54.4375
2000 11 2 53.6875
2000 11 3 53.3125
2000 11 6 54.5
2000 11 7 54.9375
2000 11 8 54.5625
2000 11 9 54.5625
2000 11 10 53.875
2000 11 13 51.4375
2000 11 14 52.75
2000 11 15 52.5
2000 11 16 52.625
2000 11 17 51.875
2000 11 20 50.0625
2000 11 21 50.75
2000 11 22 48.5625
2000 11 24 49.375
2000 11 27 49.125
2000 11 28 49.8125
2000 11 29 49.6875
2000 11 30 49.5625
2000 12 1 51
2000 12 4 51.625
2000 12 5 54.125
2000 12 6 53.9375
2000 12 7 53.5
2000 12 8 55.1875
2000 12 11 55.3125
2000 12 12 52.8125
2000 12 13 53
2000 12 14 51.4375
2000 12 15 49.8125
2000 12 18 51
2000 12 19 50.125
2000 12 20 47.4375
2000 12 21 47.875
2000 12 22 48.875
2000 12 26 49.3125
2000 12 27 48.1875
2000 12 28 48.4375
2000 12 29 47.9375
2001 1 2 43.75
2001 1 3 47.8125
2001 1 4 48.0625
2001 1 5 47.3125
2001 1 8 45.5625
2001 1 9 44.625
2001 1 10 44.6875
2001 1 11 46.5625
2001 1 12 45.6875
2001 1 16 47.375
2001 1 17 46.6875
2001 1 18 47.625
2001 1 19 47
2001 1 22 45.75
2001 1 23 46.6875
2001 1 24 46.3125
2001 1 25 45.9375
2001 1 26 44.625
2001 1 29 44.3800010681152
2001 1 30 46.25
2001 1 31 45.9799995422363
2001 2 1 46.2299995422363
2001 2 2 46.2799987792969
2001 2 5 47.8499984741211
2001 2 6 47.5999984741211
2001 2 7 46.9500007629395
2001 2 8 47.1399993896484
2001 2 9 45.6599998474121
2001 2 12 47.5099983215332
2001 2 13 47.1599998474121
2001 2 14 46.2599983215332
2001 2 15 47.9799995422363
2001 2 16 47
2001 2 20 47.689998626709
2001 2 21 47.2999992370605
2001 2 22 47.0999984741211
2001 2 23 46.1800003051758
2001 2 26 47.9799995422363
2001 2 27 48
2001 2 28 46.5
2001 3 1 45.9099998474121
2001 3 2 44.5699996948242
2001 3 5 45.0800018310547
2001 3 6 45.4199981689453
2001 3 7 45.9799995422363
2001 3 8 45.8699989318848
2001 3 9 43.810001373291
2001 3 12 39.5999984741211
2001 3 13 42.3300018310547
2001 3 14 41.0299987792969
2001 3 15 41.0800018310547
2001 3 16 40.5999984741211
2001 3 19 41.0999984741211
2001 3 20 40.0499992370605
2001 3 21 39
2001 3 22 37.7000007629395
2001 3 23 39.9900016784668
2001 3 26 40.2299995422363
2001 3 27 41.9099998474121
2001 3 28 41.5499992370605
2001 3 29 41.4000015258789
2001 3 30 41.8600006103516
2001 4 2 41.7999992370605
2001 4 3 39.6800003051758
2001 4 4 39.5999984741211
2001 4 5 42.0999984741211
2001 4 6 41.1699981689453
2001 4 9 42
2001 4 10 43.8300018310547
2001 4 11 43.2700004577637
2001 4 12 44.7000007629395
2001 4 16 44.6500015258789
2001 4 17 45.4599990844727
2001 4 18 47.8899993896484
2001 4 19 48.5099983215332
2001 4 20 48.0999984741211
2001 4 23 47.2000007629395
2001 4 24 45.9900016784668
2001 4 25 47.810001373291
2001 4 26 49.2999992370605
2001 4 27 49.9500007629395
2001 4 30 48.5299987792969
2001 5 1 48.9099998474121
2001 5 2 49.0999984741211
2001 5 3 48.5
2001 5 4 49.9300003051758
2001 5 7 49.9599990844727
2001 5 8 49.4799995422363
2001 5 9 49.4300003051758
2001 5 10 49.8300018310547
2001 5 11 49.0099983215332
2001 5 14 49.7299995422363
2001 5 15 50.1500015258789
2001 5 16 52.2099990844727
2001 5 17 52.1100006103516
2001 5 18 52.9900016784668
2001 5 21 53.4000015258789
2001 5 22 52.6800003051758
2001 5 23 51.3499984741211
2001 5 24 51.4000015258789
2001 5 25 49.9500007629395
2001 5 29 49.6699981689453
2001 5 30 49.0200004577637
2001 5 31 49
2001 6 1 49
2001 6 4 49.4500007629395
2001 6 5 49.1800003051758
2001 6 6 48.75
2001 6 7 48.9099998474121
2001 6 8 48.1399993896484
2001 6 11 47.4000015258789
2001 6 12 48.7700004577637
2001 6 13 47.8499984741211
2001 6 14 48.8600006103516
2001 6 15 48.810001373291
2001 6 18 49
2001 6 19 48.8699989318848
2001 6 20 50.7700004577637
2001 6 21 51.25
2001 6 22 51.8600006103516
2001 6 25 50.25
2001 6 26 48.7900009155273
2001 6 27 48.2599983215332
2001 6 28 48.8699989318848
2001 6 29 49
2001 7 2 50.2000007629395
2001 7 3 49.5099983215332
2001 7 5 48.4700012207031
2001 7 6 46.8899993896484
2001 7 9 46.8499984741211
2001 7 10 45.7599983215332
2001 7 11 44.6100006103516
2001 7 12 47
2001 7 13 47.4500007629395
2001 7 16 46.2200012207031
2001 7 17 46.1100006103516
2001 7 18 46.1500015258789
2001 7 19 46.4799995422363
2001 7 20 46.6300010681152
2001 7 23 45.2999992370605
2001 7 24 44
2001 7 25 43.7999992370605
2001 7 26 43.75
2001 7 27 44.6500015258789
2001 7 30 43.5999984741211
2001 7 31 43.5
2001 8 1 42.7999992370605
2001 8 2 42.2000007629395
2001 8 3 42.75
2001 8 6 41.3899993896484
2001 8 7 42.7700004577637
2001 8 8 41.6500015258789
2001 8 9 41.9000015258789
2001 8 10 42.5699996948242
2001 8 13 42.2299995422363
2001 8 14 41.8499984741211
2001 8 15 41.7799987792969
2001 8 16 41.5999984741211
2001 8 17 40.7999992370605
2001 8 20 41.5299987792969
2001 8 21 40.4700012207031
2001 8 22 40.8499984741211
2001 8 23 41.0400009155273
2001 8 24 41.9900016784668
2001 8 27 42.1699981689453
2001 8 28 41.2299995422363
2001 8 29 40.6100006103516
2001 8 30 40.2000007629395
2001 8 31 40.9000015258789
2001 9 4 40.8300018310547
2001 9 5 41.7000007629395
2001 9 6 40.5
2001 9 7 39.6599998474121
2001 9 10 39.3499984741211
2001 9 17 35.1500015258789
2001 9 18 33.8499984741211
2001 9 19 32.5
2001 9 20 30.3700008392334
2001 9 21 31.2999992370605
2001 9 24 35.2000007629395
2001 9 25 35.5
2001 9 26 35.4799995422363
2001 9 27 35.9500007629395
2001 9 28 37.2000007629395
2001 10 1 37.6399993896484
2001 10 2 38.0499992370605
2001 10 3 38.1500015258789
2001 10 4 37.3899993896484
2001 10 5 37.4500007629395
2001 10 8 36.7999992370605
2001 10 9 36.8199996948242
2001 10 10 37.9099998474121
2001 10 11 38.9500007629395
2001 10 12 39
2001 10 15 38.8600006103516
2001 10 16 38.4700012207031
2001 10 17 37.1500015258789
2001 10 18 37.25
2001 10 19 37.25
2001 10 22 37.6100006103516
2001 10 23 37.2700004577637
2001 10 24 37.0800018310547
2001 10 25 37.8699989318848
2001 10 26 38.8800010681152
2001 10 29 37.4300003051758
2001 10 30 36.3400001525879
2001 10 31 36.4099998474121
2001 11 1 37.9099998474121
2001 11 2 37.9599990844727
2001 11 5 38.7700004577637
2001 11 6 39.7999992370605
2001 11 7 39.3499984741211
2001 11 8 40.3499984741211
2001 11 9 40.4099998474121
2001 11 12 39.4300003051758
2001 11 13 40.560001373291
2001 11 14 40.8800010681152
2001 11 15 41.5499992370605
2001 11 16 40.8499984741211
2001 11 19 41.25
2001 11 20 41.0999984741211
2001 11 21 40.4500007629395
2001 11 23 41.0200004577637
2001 11 26 41.3199996948242
2001 11 27 41.0699996948242
2001 11 28 39.3499984741211
2001 11 29 39.7299995422363
2001 11 30 38.5
2001 12 3 36.9199981689453
2001 12 4 37.3499984741211
2001 12 5 37.5499992370605
2001 12 6 37.75
2001 12 7 37.1500015258789
2001 12 10 36.7999992370605
2001 12 11 36.7900009155273
2001 12 12 37.0499992370605
2001 12 13 37.0499992370605
2001 12 14 37.6500015258789
2001 12 17 38.2999992370605
2001 12 18 39.7200012207031
2001 12 19 40.7799987792969
2001 12 20 40.8400001525879
2001 12 21 41.3499984741211
2001 12 24 41.189998626709
2001 12 26 40.5499992370605
2001 12 27 40.9500007629395
2001 12 28 40.7299995422363
2001 12 31 40.0800018310547
2002 1 2 40.9500007629395
2002 1 3 40.6100006103516
2002 1 4 40.9500007629395
2002 1 7 39.3600006103516
2002 1 8 38.9500007629395
2002 1 9 38.5499992370605
2002 1 10 38.6100006103516
2002 1 11 38.2299995422363
2002 1 14 37.9000015258789
2002 1 15 38.7099990844727
2002 1 16 37.7200012207031
2002 1 17 38.75
2002 1 18 38.6800003051758
2002 1 22 38.2999992370605
2002 1 23 37.6500015258789
2002 1 24 37.5499992370605
2002 1 25 38.2599983215332
2002 1 28 38.1500015258789
2002 1 29 36.4599990844727
2002 1 30 36.8800010681152
2002 1 31 37.1500015258789
2002 2 1 36.8499984741211
2002 2 4 35
2002 2 5 36.2099990844727
2002 2 6 36.9599990844727
2002 2 7 37.2000007629395
2002 2 8 37.25
2002 2 11 37.7999992370605
2002 2 12 37.5
2002 2 13 38.0999984741211
2002 2 14 38
2002 2 15 37.1100006103516
2002 2 19 36.4000015258789
2002 2 20 37.5699996948242
2002 2 21 37.5200004577637
2002 2 22 38.0900001525879
2002 2 25 39.2000007629395
2002 2 26 38.75
2002 2 27 38.75
2002 2 28 38.5
2002 3 1 39.4500007629395
2002 3 4 40.2000007629395
2002 3 5 40.5
2002 3 6 41.5499992370605
2002 3 7 40.9500007629395
2002 3 8 40.5999984741211
2002 3 11 41.1500015258789
2002 3 12 41.0999984741211
2002 3 13 40
2002 3 14 40.4099998474121
2002 3 15 40.189998626709
2002 3 18 39.9000015258789
2002 3 19 39.9000015258789
2002 3 20 38.7999992370605
2002 3 21 37.4500007629395
2002 3 22 37.8699989318848
2002 3 25 37.0400009155273
2002 3 26 37.310001373291
2002 3 27 37.4500007629395
2002 3 28 37.4000015258789
2002 4 1 37.2999992370605
2002 4 2 37.0999984741211
2002 4 3 36.75
2002 4 4 37.2999992370605
2002 4 5 37.0999984741211
2002 4 8 36.8600006103516
2002 4 9 36.4500007629395
2002 4 10 37.2000007629395
2002 4 11 33.75
2002 4 12 33.5499992370605
2002 4 15 31.8500003814697
2002 4 16 33.0999984741211
2002 4 17 33.6500015258789
2002 4 18 33.7999992370605
2002 4 19 33.7000007629395
2002 4 22 32.8600006103516
2002 4 23 32.7999992370605
2002 4 24 32.5
2002 4 25 32.0499992370605
2002 4 26 31.5
2002 4 29 30.8500003814697
2002 4 30 31.5499992370605
2002 5 1 31.7000007629395
2002 5 2 31.6000003814697
2002 5 3 31.7000007629395
2002 5 6 30.9699993133545
2002 5 7 30.6499996185303
2002 5 8 32.8499984741211
2002 5 9 31.4899997711182
2002 5 10 30.6499996185303
2002 5 13 30.8500003814697
2002 5 14 31.5799999237061
2002 5 15 30.9300003051758
2002 5 16 32
2002 5 17 33.4500007629395
2002 5 20 32.5999984741211
2002 5 21 32.1500015258789
2002 5 22 31.9200000762939
2002 5 23 32.9500007629395
2002 5 24 32.5999984741211
2002 5 28 32.0499992370605
2002 5 29 31.3999996185303
2002 5 30 31.2000007629395
2002 5 31 31.1399993896484
2002 6 3 30.1100006103516
2002 6 4 30.0499992370605
2002 6 5 30.1499996185303
2002 6 6 29.2999992370605
2002 6 7 30.2000007629395
2002 6 10 29.9500007629395
2002 6 11 29.3999996185303
2002 6 12 30.3500003814697
2002 6 13 29.8500003814697
2002 6 14 29.7000007629395
2002 6 17 30.5100002288818
2002 6 18 31.1499996185303
2002 6 19 30.3500003814697
2002 6 20 29.7000007629395
2002 6 21 28.9500007629395
2002 6 24 29.6000003814697
2002 6 25 28.8999996185303
2002 6 26 29.5
2002 6 27 29.8999996185303
2002 6 28 29.0499992370605
2002 7 1 28.4500007629395
2002 7 2 28.1000003814697
2002 7 3 27.8999996185303
2002 7 5 29.6900005340576
2002 7 8 29.4300003051758
2002 7 9 28.2999992370605
2002 7 10 27.0499992370605
2002 7 11 27.3500003814697
2002 7 12 28.6000003814697
2002 7 15 28.25
2002 7 16 27.5499992370605
2002 7 17 28.25
2002 7 18 27.7000007629395
2002 7 19 26.5200004577637
2002 7 22 25.6599998474121
2002 7 23 24.7999992370605
2002 7 24 26.5300006866455
2002 7 25 26.6499996185303
2002 7 26 27.7999992370605
2002 7 29 30.4500007629395
2002 7 30 31.6000003814697
2002 7 31 32.2000007629395
2002 8 1 31.3999996185303
2002 8 2 29.5
2002 8 5 28.2999992370605
2002 8 6 29.6499996185303
2002 8 7 30.75
2002 8 8 31.9500007629395
2002 8 9 32.4000015258789
2002 8 12 32.25
2002 8 13 30.9500007629395
2002 8 14 31.8999996185303
2002 8 15 32.2900009155273
2002 8 16 31.5499992370605
2002 8 19 32.8899993896484
2002 8 20 32.25
2002 8 21 32.2999992370605
2002 8 22 32.7000007629395
2002 8 23 32.25
2002 8 26 32.0699996948242
2002 8 27 31.9500007629395
2002 8 28 31.2999992370605
2002 8 29 30.3500003814697
2002 8 30 30.1499996185303
2002 9 3 28.4599990844727
2002 9 4 28.7000007629395
2002 9 5 28
2002 9 6 28.2999992370605
2002 9 9 28.7800006866455
2002 9 10 29.0799999237061
2002 9 11 29
2002 9 12 28
2002 9 13 27.0499992370605
2002 9 16 27.8999996185303
2002 9 17 27.7000007629395
2002 9 18 27.3500003814697
2002 9 19 26.5499992370605
2002 9 20 26.75
2002 9 23 26.3999996185303
2002 9 24 25.8999996185303
2002 9 25 27
2002 9 26 26.3899993896484
2002 9 27 24.4699993133545
2002 9 30 24.6499996185303
2002 10 1 26.2000007629395
2002 10 2 24.7999992370605
2002 10 3 24.6200008392334
2002 10 4 24.0100002288818
2002 10 7 22.9500007629395
2002 10 8 23.3500003814697
2002 10 9 22
2002 10 10 22.6000003814697
2002 10 11 24.2099990844727
2002 10 14 24.3500003814697
2002 10 15 26.2000007629395
2002 10 16 25.6000003814697
2002 10 17 26.8899993896484
2002 10 18 26.6499996185303
2002 10 21 27.1499996185303
2002 10 22 27.0699996948242
2002 10 23 26.8999996185303
2002 10 24 26
2002 10 25 26.2399997711182
2002 10 28 26.25
2002 10 29 25.8500003814697
2002 10 30 25.1499996185303
2002 10 31 25.25
2002 11 1 26
2002 11 4 26.5
2002 11 5 26.5
2002 11 6 26.6000003814697
2002 11 7 26.1100006103516
2002 11 8 25.1000003814697
2002 11 11 24.2099990844727
2002 11 12 23.8500003814697
2002 11 13 24.0900001525879
2002 11 14 24.5
2002 11 15 23.8600006103516
2002 11 18 23.6000003814697
2002 11 19 23.8999996185303
2002 11 20 24.7999992370605
2002 11 21 26.8500003814697
2002 11 22 26.4500007629395
2002 11 25 26.7999992370605
2002 11 26 26.3500003814697
2002 11 27 27.1499996185303
2002 11 29 27.1200008392334
2002 12 2 27.2000007629395
2002 12 3 26.75
2002 12 4 26.5200004577637
2002 12 5 25.7999992370605
2002 12 6 26.0499992370605
2002 12 9 25.5
2002 12 10 25.9300003051758
2002 12 11 26.1399993896484
2002 12 12 25.8999996185303
2002 12 13 25.5
2002 12 16 26.4300003051758
2002 12 17 26
2002 12 18 25.6599998474121
2002 12 19 25.3999996185303
2002 12 20 25.9500007629395
2002 12 23 25.7299995422363
2002 12 24 25.3299999237061
2002 12 26 25.2999992370605
2002 12 27 24.7000007629395
2002 12 30 24.5
2002 12 31 24.3500003814697
2003 1 2 25.4799995422363
2003 1 3 25.3999996185303
2003 1 6 26.0499992370605
2003 1 7 25.8999996185303
2003 1 8 25.5
2003 1 9 25.8999996185303
2003 1 10 25.6499996185303
2003 1 13 25.6399993896484
2003 1 14 25.7099990844727
2003 1 15 25.1900005340576
2003 1 16 25.0300006866455
2003 1 17 24.8799991607666
2003 1 21 24.0599994659424
2003 1 22 23.5499992370605
2003 1 23 23.9500007629395
2003 1 24 23.0599994659424
2003 1 27 23.0499992370605
2003 1 28 23.1499996185303
2003 1 29 23.0300006866455
2003 1 30 22.5499992370605
2003 1 31 23.1399993896484
2003 2 3 23.6499996185303
2003 2 4 23.0499992370605
2003 2 5 23
2003 2 6 22.8899993896484
2003 2 7 22.7000007629395
2003 2 10 22.6299991607666
2003 2 11 22.5
2003 2 12 22.25
2003 2 13 22.1700000762939
2003 2 14 22.4799995422363
2003 2 18 22.9099998474121
2003 2 19 23.3500003814697
2003 2 20 23.3500003814697
2003 2 21 23.7999992370605
2003 2 24 23.4200000762939
2003 2 25 23.9799995422363
2003 2 26 23.3700008392334
2003 2 27 23.8999996185303
2003 2 28 24.0499992370605
2003 3 3 23.8999996185303
2003 3 4 23.3999996185303
2003 3 5 23.7999992370605
2003 3 6 23.9500007629395
2003 3 7 24.2999992370605
2003 3 10 23.6000003814697
2003 3 11 23.3500003814697
2003 3 12 23.7999992370605
2003 3 13 25.2099990844727
2003 3 14 25.6499996185303
2003 3 17 26.2700004577637
2003 3 18 26.3999996185303
2003 3 19 26.9799995422363
2003 3 20 26.8500003814697
2003 3 21 28
2003 3 24 26.7299995422363
2003 3 25 26.9799995422363
2003 3 26 26.6000003814697
2003 3 27 26.4400005340576
2003 3 28 26.0300006866455
2003 3 31 25.5
2003 4 1 26.1299991607666
2003 4 2 27.0499992370605
2003 4 3 27.5499992370605
2003 4 4 27.6299991607666
2003 4 7 27.7600002288818
2003 4 8 28.0599994659424
2003 4 9 27.2999992370605
2003 4 10 27.3799991607666
2003 4 11 27.6499996185303
2003 4 14 27.7600002288818
2003 4 15 28.2999992370605
2003 4 16 27.8299999237061
2003 4 17 28.4899997711182
2003 4 21 28.1599998474121
2003 4 22 28.9899997711182
2003 4 23 29.3899993896484
2003 4 24 29.1000003814697
2003 4 25 29.1100006103516
2003 4 28 29.5200004577637
2003 4 29 29.3999996185303
2003 4 30 29.4500007629395
2003 5 1 29.1000003814697
2003 5 2 29.0799999237061
2003 5 5 28.8299999237061
2003 5 6 29.1200008392334
2003 5 7 28.8500003814697
2003 5 8 28.4699993133545
2003 5 9 29
2003 5 12 28.9699993133545
2003 5 13 28.5499992370605
2003 5 14 28.6100006103516
2003 5 15 28.4799995422363
2003 5 16 27.8500003814697
2003 5 19 27.5499992370605
2003 5 20 27.7299995422363
2003 5 21 27.6000003814697
2003 5 22 27.7299995422363
2003 5 23 27.6399993896484
2003 5 27 28.3099994659424
2003 5 28 28.2700004577637
2003 5 29 28.25
2003 5 30 28.7000007629395
2003 6 2 29
2003 6 3 29.0499992370605
2003 6 4 29.3600006103516
2003 6 5 29.7800006866455
2003 6 6 30.2999992370605
2003 6 9 30.1399993896484
2003 6 10 30.5900001525879
2003 6 11 30.9799995422363
2003 6 12 31.0699996948242
2003 6 13 30.6499996185303
2003 6 16 31.3400001525879
2003 6 17 31.2000007629395
2003 6 18 30.7299995422363
2003 6 19 29.8600006103516
2003 6 20 30.0100002288818
2003 6 23 29.8700008392334
2003 6 24 29.9300003051758
2003 6 25 29.2600002288818
2003 6 26 29.1499996185303
2003 6 27 28.6200008392334
2003 6 30 28.6800003051758
2003 7 1 28.6299991607666
2003 7 2 28.6100006103516
2003 7 3 28.5499992370605
2003 7 7 29.2700004577637
2003 7 8 28.8099994659424
2003 7 9 28.3799991607666
2003 7 10 28.1900005340576
2003 7 11 28.1200008392334
2003 7 14 28.0400009155273
2003 7 15 27.6700000762939
2003 7 16 27.3799991607666
2003 7 17 27.1000003814697
2003 7 18 27.7800006866455
2003 7 21 27.1599998474121
2003 7 22 27.4099998474121
2003 7 23 27.4200000762939
2003 7 24 27.4400005340576
2003 7 25 28.4300003051758
2003 7 28 28.3700008392334
2003 7 29 27.8999996185303
2003 7 30 27.9699993133545
2003 7 31 28.4400005340576
2003 8 1 28.4599990844727
2003 8 4 28.4799995422363
2003 8 5 27.7999992370605
2003 8 6 27.6800003051758
2003 8 7 28.0799999237061
2003 8 8 28.0799999237061
2003 8 11 28.2800006866455
2003 8 12 28.3299999237061
2003 8 13 28.0200004577637
2003 8 14 28.5499992370605
2003 8 15 28.7800006866455
2003 8 18 29.7999992370605
2003 8 19 29.8500003814697
2003 8 20 29.4500007629395
2003 8 21 30.1599998474121
2003 8 22 29.8799991607666
2003 8 25 29.8500003814697
2003 8 26 29.8799991607666
2003 8 27 29.75
2003 8 28 29.6800003051758
2003 8 29 29.5699996948242
2003 9 2 30.4400005340576
2003 9 3 31.1200008392334
2003 9 4 31.3199996948242
2003 9 5 31.0400009155273
2003 9 8 31.3799991607666
2003 9 9 31.1599998474121
2003 9 10 31.0300006866455
2003 9 11 31.4799995422363
2003 9 12 31.5300006866455
2003 9 15 31.3999996185303
2003 9 16 31.9300003051758
2003 9 17 31.7199993133545
2003 9 18 32.1100006103516
2003 9 19 31.9300003051758
2003 9 22 31.3999996185303
2003 9 23 31.5599994659424
2003 9 24 30.8099994659424
2003 9 25 30.3799991607666
2003 9 26 29.8700008392334
2003 9 29 30.3700008392334
2003 9 30 29.8099994659424
2003 10 1 30.6299991607666
2003 10 2 30.75
2003 10 3 30.8199996948242
2003 10 6 30.7900009155273
2003 10 7 30.6499996185303
2003 10 8 30.2000007629395
2003 10 9 30.1299991607666
2003 10 10 29.3199996948242
2003 10 13 28.9300003051758
2003 10 14 29.2900009155273
2003 10 15 28.8500003814697
2003 10 16 29.0200004577637
2003 10 17 28.5499992370605
2003 10 20 28.7800006866455
2003 10 21 28.8799991607666
2003 10 22 28.3500003814697
2003 10 23 28.3899993896484
2003 10 24 28.2999992370605
2003 10 27 28.2199993133545
2003 10 28 28.5200004577637
2003 10 29 28.8299999237061
2003 10 30 28.8799991607666
2003 10 31 29.0100002288818
2003 11 3 28.7999992370605
2003 11 4 28.6599998474121
2003 11 5 28.4300003051758
2003 11 6 28.4400005340576
2003 11 7 28.1200008392334
2003 11 10 28.1700000762939
2003 11 11 28.1100006103516
2003 11 12 28.7000007629395
2003 11 13 28.3400001525879
2003 11 14 27.8799991607666
2003 11 17 27.8099994659424
2003 11 18 28.4400005340576
2003 11 19 29.4699993133545
2003 11 20 28.9500007629395
2003 11 21 28.5599994659424
2003 11 24 28.75
2003 11 25 28.9099998474121
2003 11 26 28.7700004577637
2003 11 28 28.6700000762939
2003 12 1 29.0300006866455
2003 12 2 29.4799995422363
2003 12 3 29.5200004577637
2003 12 4 29.1499996185303
2003 12 5 29.1000003814697
2003 12 8 29.3700008392334
2003 12 9 29.5599994659424
2003 12 10 29.7199993133545
2003 12 11 30.3999996185303
2003 12 12 30.1100006103516
2003 12 15 30.3299999237061
2003 12 16 30.6499996185303
2003 12 17 30.7299995422363
2003 12 18 30.8500003814697
2003 12 19 30.8899993896484
2003 12 22 31
2003 12 23 31.1000003814697
2003 12 24 30.8999996185303
2003 12 26 30.7199993133545
2003 12 29 30.8299999237061
2003 12 30 30.7199993133545
2003 12 31 30.9799995422363
2004 1 2 31.1200008392334
2004 1 5 31.5799999237061
2004 1 6 31.3700008392334
2004 1 7 31.6800003051758
2004 1 8 32.25
2004 1 9 31.7999992370605
2004 1 12 32.0900001525879
2004 1 13 31.6100006103516
2004 1 14 32
2004 1 15 32
2004 1 16 33.3499984741211
2004 1 20 33.3600006103516
2004 1 21 33.8499984741211
2004 1 22 33.5200004577637
2004 1 23 33.2099990844727
2004 1 26 34.1399993896484
2004 1 27 34.189998626709
2004 1 28 33.7599983215332
2004 1 29 34.0299987792969
2004 1 30 33.6300010681152
2004 2 2 33.6300010681152
2004 2 3 33.2099990844727
2004 2 4 33.1800003051758
2004 2 5 33.5200004577637
2004 2 6 33.1800003051758
2004 2 9 32.8899993896484
2004 2 10 32.5
2004 2 11 33.0800018310547
2004 2 12 32.8600006103516
2004 2 13 32.7200012207031
2004 2 17 33.0499992370605
2004 2 18 32.75
2004 2 19 32.5999984741211
2004 2 20 32.7000007629395
2004 2 23 33.4199981689453
2004 2 24 33.2799987792969
2004 2 25 32.9700012207031
2004 2 26 32.6699981689453
2004 2 27 32.5200004577637
2004 3 1 32.7900009155273
2004 3 2 32.4900016784668
2004 3 3 32.8499984741211
2004 3 4 32.9000015258789
2004 3 5 32.7700004577637
2004 3 8 31.8299999237061
2004 3 9 31.5599994659424
2004 3 10 31.1000003814697
2004 3 11 30.4200000762939
2004 3 12 30.6000003814697
2004 3 15 30.2999992370605
2004 3 16 30.5
2004 3 17 30.7600002288818
2004 3 18 30.7199993133545
2004 3 19 30.1399993896484
2004 3 22 29.4099998474121
2004 3 23 29.2000007629395
2004 3 24 29.1800003051758
2004 3 25 29.7000007629395
2004 3 26 30.1000003814697
2004 3 29 30.4799995422363
2004 3 30 30.6900005340576
2004 3 31 30.5200004577637
2004 4 1 30.6200008392334
2004 4 2 31.0599994659424
2004 4 5 31.5799999237061
2004 4 6 31.5200004577637
2004 4 7 31.3999996185303
2004 4 8 31.4099998474121
2004 4 12 31.6200008392334
2004 4 13 31
2004 4 14 30.4799995422363
2004 4 15 30.7600002288818
2004 4 16 31.2299995422363
2004 4 19 31.1000003814697
2004 4 20 30.4699993133545
2004 4 21 30.7000007629395
2004 4 22 30.8500003814697
2004 4 23 30.6900005340576
2004 4 26 30.75
2004 4 27 30.5499992370605
2004 4 28 30.0200004577637
2004 4 29 30.0499992370605
2004 4 30 29.9500007629395
2004 5 3 30.2999992370605
2004 5 4 30.4400005340576
2004 5 5 30.4899997711182
2004 5 6 30.4699993133545
2004 5 7 30
2004 5 10 30.0300006866455
2004 5 11 30.25
2004 5 12 30.3999996185303
2004 5 13 30.3500003814697
2004 5 14 30.1599998474121
2004 5 17 29.9699993133545
2004 5 18 30.4300003051758
2004 5 19 30.25
2004 5 20 30.2299995422363
2004 5 21 30.6499996185303
2004 5 24 30.7800006866455
2004 5 25 31.2099990844727
2004 5 26 31.2900009155273
2004 5 27 31.2600002288818
2004 5 28 31.1200008392334
2004 6 1 31.0400009155273
2004 6 2 31.1000003814697
2004 6 3 31
2004 6 4 31.2299995422363
2004 6 7 31.6800003051758
2004 6 8 31.4699993133545
2004 6 9 31.1800003051758
2004 6 10 31.4899997711182
2004 6 14 31.5699996948242
2004 6 15 31.8099994659424
2004 6 16 32.1100006103516
2004 6 17 32.3600006103516
2004 6 18 32.5800018310547
2004 6 21 32.5999984741211
2004 6 22 32.8499984741211
2004 6 23 33.4199981689453
2004 6 24 33.2700004577637
2004 6 25 32.1800003051758
2004 6 28 32.310001373291
2004 6 29 32.3300018310547
2004 6 30 32.4000015258789
2004 7 1 32.0099983215332
2004 7 2 31.6700000762939
2004 7 6 31.8299999237061
2004 7 7 32.0200004577637
2004 7 8 31.7000007629395
2004 7 9 32.1699981689453
2004 7 12 32.5999984741211
2004 7 13 32.8400001525879
2004 7 14 33.1300010681152
2004 7 15 33.3699989318848
2004 7 16 33.0900001525879
2004 7 19 33.2299995422363
2004 7 20 33.2099990844727
2004 7 21 32.5999984741211
2004 7 22 32.8800010681152
2004 7 23 32.5200004577637
2004 7 26 32.310001373291
2004 7 27 32.7999992370605
2004 7 28 33.2900009155273
2004 7 29 33.2099990844727
2004 7 30 33.25
2004 8 2 33.2599983215332
2004 8 3 32.8699989318848
2004 8 4 32.8800010681152
2004 8 5 32.2200012207031
2004 8 6 31.5200004577637
2004 8 9 31.8500003814697
2004 8 10 32.0900001525879
2004 8 11 32.2000007629395
2004 8 12 31.6100006103516
2004 8 13 31.8899993896484
2004 8 16 32.2999992370605
2004 8 17 32.1399993896484
2004 8 18 32.7799987792969
2004 8 19 32.7099990844727
2004 8 20 32.6500015258789
2004 8 23 32.5099983215332
2004 8 24 32.6300010681152
2004 8 25 32.7900009155273
2004 8 26 32.7900009155273
2004 8 27 32.7700004577637
2004 8 30 32.5699996948242
2004 8 31 32.7900009155273
2004 9 1 32.8800010681152
2004 9 2 33.1300010681152
2004 9 3 32.8400001525879
2004 9 7 33.3400001525879
2004 9 8 33.6599998474121
2004 9 9 33.8600006103516
2004 9 10 33.8800010681152
2004 9 13 33.75
2004 9 14 33.8199996948242
2004 9 15 33.5299987792969
2004 9 16 33.5299987792969
2004 9 17 34.2200012207031
2004 9 20 34.2099990844727
2004 9 21 34.4599990844727
2004 9 22 33.9300003051758
2004 9 23 33.4199981689453
2004 9 24 33.4099998474121
2004 9 27 33.1199989318848
2004 9 28 33.310001373291
2004 9 29 33.4500007629395
2004 9 30 33.5800018310547
2004 10 1 33.9700012207031
2004 10 4 34.1199989318848
2004 10 5 34.0499992370605
2004 10 6 34.3800010681152
2004 10 7 33.9500007629395
2004 10 8 33.7400016784668
2004 10 11 34
2004 10 12 34.0200004577637
2004 10 13 33.7099990844727
2004 10 14 33.4599990844727
2004 10 15 33.5499992370605
2004 10 18 33.8899993896484
2004 10 19 33.4300003051758
2004 10 20 33.2200012207031
2004 10 21 33.3699989318848
2004 10 22 32.9500007629395
2004 10 25 32.9000015258789
2004 10 26 33.6300010681152
2004 10 27 33.9500007629395
2004 10 28 34.0299987792969
2004 10 29 34.1199989318848
2004 11 1 34.0499992370605
2004 11 2 34.0499992370605
2004 11 3 34.3300018310547
2004 11 4 35.0900001525879
2004 11 5 35.189998626709
2004 11 8 35.1199989318848
2004 11 9 35.4199981689453
2004 11 10 35.3199996948242
2004 11 11 35.7999992370605
2004 11 12 36.25
2004 11 15 36.0999984741211
2004 11 16 36.0999984741211
2004 11 17 36.3499984741211
2004 11 18 36.8300018310547
2004 11 19 36.2700004577637
2004 11 22 36.0900001525879
2004 11 23 35.810001373291
2004 11 24 35.6399993896484
2004 11 26 35.439998626709
2004 11 29 35.2999992370605
2004 11 30 35.3600006103516
2004 12 1 36.0200004577637
2004 12 2 35.939998626709
2004 12 3 35.8300018310547
2004 12 6 35.6699981689453
2004 12 7 35.310001373291
2004 12 8 35.7099990844727
2004 12 9 36.0200004577637
2004 12 10 36.689998626709
2004 12 13 37.4799995422363
2004 12 14 37.3800010681152
2004 12 15 37.3899993896484
2004 12 16 37.1100006103516
2004 12 17 36.75
2004 12 20 37.1100006103516
2004 12 21 37.1699981689453
2004 12 22 36.8400001525879
2004 12 23 36.7700004577637
2004 12 27 36.5699996948242
2004 12 28 36.689998626709
2004 12 29 36.560001373291
2004 12 30 36.5999984741211
2004 12 31 36.5
2005 1 3 36.5900001525879
2005 1 4 36.1500015258789
2005 1 5 35.9300003051758
2005 1 6 36.2200012207031
2005 1 7 36
2005 1 10 35.9099998474121
2005 1 11 35.4000015258789
2005 1 12 35.6800003051758
2005 1 13 35.2299995422363
2005 1 14 35.5200004577637
2005 1 18 35.9599990844727
2005 1 19 35.439998626709
2005 1 20 35.3699989318848
2005 1 21 35.1300010681152
2005 1 24 35.2599983215332
2005 1 25 35.7000007629395
2005 1 26 35.4900016784668
2005 1 27 35.6100006103516
2005 1 28 35.75
2005 1 31 36.1300010681152
2005 2 1 36.2799987792969
2005 2 2 36.25
2005 2 3 36.0699996948242
2005 2 4 36.25
2005 2 7 36.2299995422363
2005 2 8 36.4300003051758
2005 2 9 36.0900001525879
2005 2 10 36.0499992370605
2005 2 11 36.2299995422363
2005 2 14 36.3199996948242
2005 2 15 36.3899993896484
2005 2 16 36.2200012207031
2005 2 17 36.0299987792969
2005 2 18 35.8800010681152
2005 2 22 35.3499984741211
2005 2 23 35.2700004577637
2005 2 24 35.5499992370605
2005 2 25 35.6199989318848
2005 2 28 35.2000007629395
2005 3 1 35.2200012207031
2005 3 2 35.5999984741211
2005 3 3 35.5499992370605
2005 3 4 36.1199989318848
2005 3 7 36.1300010681152
2005 3 8 36.060001373291
2005 3 9 35.7400016784668
2005 3 10 36.1300010681152
2005 3 11 35.8199996948242
2005 3 14 36.2200012207031
2005 3 15 36
2005 3 16 35.6100006103516
2005 3 17 35.3699989318848
2005 3 18 35.8800010681152
2005 3 21 36.0099983215332
2005 3 22 35.5
2005 3 23 35.5
2005 3 24 35.7299995422363
2005 3 28 35.9700012207031
2005 3 29 35.5299987792969
2005 3 30 36.2000007629395
2005 3 31 36.060001373291
2005 4 1 35.4700012207031
2005 4 4 35.2400016784668
2005 4 5 35.5
2005 4 6 35.5
2005 4 7 35.7799987792969
2005 4 8 35.7400016784668
2005 4 11 35.8199996948242
2005 4 12 36.0900001525879
2005 4 13 35.6399993896484
2005 4 14 35.5
2005 4 15 35.75
2005 4 18 36
2005 4 19 36
2005 4 20 35.5200004577637
2005 4 21 36.1199989318848
2005 4 22 36.0999984741211
2005 4 25 36.3800010681152
2005 4 26 36.1800003051758
2005 4 27 36.4000015258789
2005 4 28 35.6699981689453
2005 4 29 36.2000007629395
2005 5 2 36.25
2005 5 3 36.0999984741211
2005 5 4 36.2000007629395
2005 5 5 35.8499984741211
2005 5 6 35.8499984741211
2005 5 9 36.2299995422363
2005 5 10 35.8300018310547
2005 5 11 36.189998626709
2005 5 12 35.8699989318848
2005 5 13 35.7000007629395
2005 5 16 36.2400016784668
2005 5 17 36.4599990844727
2005 5 18 36.9000015258789
2005 5 19 36.9199981689453
2005 5 20 37
2005 5 23 37.1800003051758
2005 5 24 37.0699996948242
2005 5 25 36.8600006103516
2005 5 26 36.939998626709
2005 5 27 36.8800010681152
2005 5 31 36.4799995422363
2005 6 1 36.9300003051758
2005 6 2 36.9000015258789
2005 6 3 36.7000007629395
2005 6 6 36.6100006103516
2005 6 7 36.8400001525879
2005 6 8 36.7999992370605
2005 6 9 36.7900009155273
2005 6 10 36.6300010681152
2005 6 13 36.5499992370605
2005 6 14 36.4099998474121
2005 6 15 36.3199996948242
2005 6 16 36.1100006103516
2005 6 17 36.5
2005 6 20 36.2799987792969
2005 6 21 36.1500015258789
2005 6 22 35.7200012207031
2005 6 23 34.6599998474121
2005 6 24 34.7799987792969
2005 6 27 34.6100006103516
2005 6 28 35.1500015258789
2005 6 29 35
2005 6 30 34.6500015258789
2005 7 1 34.7400016784668
2005 7 5 34.7200012207031
2005 7 6 34.3199996948242
2005 7 7 34.1800003051758
2005 7 8 34.9900016784668
2005 7 11 35.1100006103516
2005 7 12 35.0999984741211
2005 7 13 35.1800003051758
2005 7 14 35.6300010681152
2005 7 15 35.5299987792969
2005 7 18 35.2000007629395
2005 7 19 35.3300018310547
2005 7 20 35.2999992370605
2005 7 21 35
2005 7 22 35.0699996948242
2005 7 25 34.7700004577637
2005 7 26 34.7000007629395
2005 7 27 34.7999992370605
2005 7 28 34.8800010681152
2005 7 29 34.5
2005 8 1 34.25
2005 8 2 34.25
2005 8 3 34.2099990844727
2005 8 4 34.0099983215332
2005 8 5 33.810001373291
2005 8 8 33.7599983215332
2005 8 9 34.1399993896484
2005 8 10 33.8800010681152
2005 8 11 34.5099983215332
2005 8 12 34.25
2005 8 15 34.2099990844727
2005 8 16 33.8800010681152
2005 8 17 34.0999984741211
2005 8 18 33.9900016784668
2005 8 19 33.9500007629395
2005 8 22 33.9700012207031
2005 8 23 33.9700012207031
2005 8 24 33.5400009155273
2005 8 25 33.5
2005 8 26 33.3800010681152
2005 8 29 33.5999984741211
2005 8 30 33.2400016784668
2005 8 31 33.6100006103516
2005 9 1 33.1399993896484
2005 9 2 33.3300018310547
2005 9 6 33.939998626709
2005 9 7 34.0099983215332
2005 9 8 33.8499984741211
2005 9 9 33.9799995422363
2005 9 12 34.4300003051758
2005 9 13 34.2799987792969
2005 9 14 34.0499992370605
2005 9 15 34.3800010681152
2005 9 16 34.4700012207031
2005 9 19 34.0499992370605
2005 9 20 33.8400001525879
2005 9 21 33.5499992370605
2005 9 22 33.2999992370605
2005 9 23 33.4000015258789
2005 9 26 33.2700004577637
2005 9 27 33.6399993896484
2005 9 28 33.4900016784668
2005 9 29 33.6500015258789
2005 9 30 33.6699981689453
2005 10 3 33.2299995422363
2005 10 4 32.8499984741211
2005 10 5 32.6800003051758
2005 10 6 33.5900001525879
2005 10 7 34.2200012207031
2005 10 10 33.9900016784668
2005 10 11 33.7999992370605
2005 10 12 33.7999992370605
2005 10 13 34.0200004577637
2005 10 14 34.3400001525879
2005 10 17 34.0099983215332
2005 10 18 34
2005 10 19 34.4099998474121
2005 10 20 33.8800010681152
2005 10 21 33.7299995422363
2005 10 24 34.1300010681152
2005 10 25 33.9099998474121
2005 10 26 33.7000007629395
2005 10 27 33.5800018310547
2005 10 28 34.0499992370605
2005 10 31 33.9099998474121
2005 11 1 33.5999984741211
2005 11 2 33.810001373291
2005 11 3 33.9799995422363
2005 11 4 34.0200004577637
2005 11 7 34.0200004577637
2005 11 8 33.7599983215332
2005 11 9 33.9199981689453
2005 11 10 34.5
2005 11 11 34.6500015258789
2005 11 14 34.4000015258789
2005 11 15 34.4000015258789
2005 11 16 34.5400009155273
2005 11 17 34.6599998474121
2005 11 18 35.75
2005 11 21 36.2000007629395
2005 11 22 36.060001373291
2005 11 23 35.939998626709
2005 11 25 36.2000007629395
2005 11 28 35.9799995422363
2005 11 29 35.9300003051758
2005 11 30 35.7200012207031
2005 12 1 35.75
2005 12 2 35.5
2005 12 5 35.7700004577637
2005 12 6 35.7999992370605
2005 12 7 35.5699996948242
2005 12 8 35.3499984741211
2005 12 9 35.5299987792969
2005 12 12 35.5499992370605
2005 12 13 35.4700012207031
2005 12 14 35.7700004577637
2005 12 15 36
2005 12 16 36.060001373291
2005 12 19 35.8199996948242
2005 12 20 35.5400009155273
2005 12 21 35.3199996948242
2005 12 22 35.4199981689453
2005 12 23 35.4199981689453
2005 12 27 35.060001373291
2005 12 28 35.1100006103516
2005 12 29 35.189998626709
2005 12 30 35.0499992370605
2006 1 3 35.3699989318848
2006 1 4 35.3199996948242
2006 1 5 35.2299995422363
2006 1 6 35.4700012207031
2006 1 9 35.3800010681152
2006 1 10 35.189998626709
2006 1 11 35.4300003051758
2006 1 12 35
2006 1 13 35.0999984741211
2006 1 17 34.939998626709
2006 1 18 34.8199996948242
2006 1 19 34.6800003051758
2006 1 20 33.3699989318848
2006 1 23 33.2900009155273
2006 1 24 32.9599990844727
2006 1 25 32.7599983215332
2006 1 26 33.0200004577637
2006 1 27 32.9500007629395
2006 1 30 32.9300003051758
2006 1 31 32.75
2006 2 1 33.1399993896484
2006 2 2 32.9000015258789
2006 2 3 32.8499984741211
2006 2 6 32.75
2006 2 7 32.310001373291
2006 2 8 32.7400016784668
2006 2 9 32.9199981689453
2006 2 10 33.2799987792969
2006 2 13 33.25
2006 2 14 33.4599990844727
2006 2 15 33.4599990844727
2006 2 16 33.3499984741211
2006 2 17 33.6100006103516
2006 2 21 33.3600006103516
2006 2 22 33.6399993896484
2006 2 23 33.2599983215332
2006 2 24 33.1399993896484
2006 2 27 33.3199996948242
2006 2 28 32.8699989318848
2006 3 1 32.7599983215332
2006 3 2 32.8499984741211
2006 3 3 33.060001373291
2006 3 6 33.0999984741211
2006 3 7 33.1500015258789
2006 3 8 33.4300003051758
2006 3 9 33.2000007629395
2006 3 10 33.6500015258789
2006 3 13 33.6699981689453
2006 3 14 33.7799987792969
2006 3 15 34.4199981689453
2006 3 16 34.3800010681152
2006 3 17 34.5099983215332
2006 3 20 34.5
2006 3 21 34.3400001525879
2006 3 22 34.5299987792969
2006 3 23 34.1199989318848
2006 3 24 33.9500007629395
2006 3 27 33.7900009155273
2006 3 28 33.5999984741211
2006 3 29 33.9300003051758
2006 3 30 34.6500015258789
2006 3 31 34.7799987792969
2006 4 3 34.689998626709
2006 4 4 34.7000007629395
2006 4 5 34.4199981689453
2006 4 6 34.5099983215332
2006 4 7 34.0299987792969
2006 4 10 33.9199981689453
2006 4 11 34.0499992370605
2006 4 12 34.4599990844727
2006 4 13 33.8899993896484
2006 4 17 33.2900009155273
2006 4 18 33.8699989318848
2006 4 19 33.8899993896484
2006 4 20 34.1199989318848
2006 4 21 33.9700012207031
2006 4 24 33.9300003051758
2006 4 25 33.9700012207031
2006 4 26 34.1300010681152
2006 4 27 34.4300003051758
2006 4 28 34.5900001525879
2006 5 1 34.3899993896484
2006 5 2 34.4799995422363
2006 5 3 34.4000015258789
2006 5 4 34.7999992370605
2006 5 5 35.1599998474121
2006 5 8 35
2006 5 9 35
2006 5 10 34.7000007629395
2006 5 11 34.5099983215332
2006 5 12 34.2799987792969
2006 5 15 34.560001373291
2006 5 16 34.7900009155273
2006 5 17 34.4199981689453
2006 5 18 34.1500015258789
2006 5 19 34.1599998474121
2006 5 22 34.0699996948242
2006 5 23 34.0099983215332
2006 5 24 34.2599983215332
2006 5 25 34.4199981689453
2006 5 26 34.3300018310547
2006 5 30 34.0499992370605
2006 5 31 34.2599983215332
2006 6 1 34.5499992370605
2006 6 2 34.6599998474121
2006 6 5 34.2200012207031
2006 6 6 34.5499992370605
2006 6 7 34.4000015258789
2006 6 8 34.5699996948242
2006 6 9 34.0699996948242
2006 6 12 33.8699989318848
2006 6 13 33.7299995422363
2006 6 14 33.9000015258789
2006 6 15 34.1100006103516
2006 6 16 33.9300003051758
2006 6 19 33.7200012207031
2006 6 20 33.7000007629395
2006 6 21 33.6699981689453
2006 6 22 33.2400016784668
2006 6 23 33.1599998474121
2006 6 26 33.2099990844727
2006 6 27 32.8800010681152
2006 6 28 32.9300003051758
2006 6 29 33.2700004577637
2006 6 30 32.9599990844727
2006 7 3 33.3300018310547
2006 7 5 33.310001373291
2006 7 6 33.5
2006 7 7 33.2999992370605
2006 7 10 33.4500007629395
2006 7 11 33.2599983215332
2006 7 12 33.060001373291
2006 7 13 32.6699981689453
2006 7 14 32.1100006103516
2006 7 17 32.3600006103516
2006 7 18 32.4599990844727
2006 7 19 32.8800010681152
2006 7 20 32.4799995422363
2006 7 21 32.25
2006 7 24 32.6199989318848
2006 7 25 32.7000007629395
2006 7 26 32.6800003051758
2006 7 27 32.6500015258789
2006 7 28 33.0200004577637
2006 7 31 32.689998626709
2006 8 1 32.560001373291
2006 8 2 32.5999984741211
2006 8 3 32.7299995422363
2006 8 4 32.7999992370605
2006 8 7 32.689998626709
2006 8 8 32.3400001525879
2006 8 9 32.2799987792969
2006 8 10 32.6699981689453
2006 8 11 32.5
2006 8 14 32.8199996948242
2006 8 15 33.2000007629395
2006 8 16 33.7099990844727
2006 8 17 33.9199981689453
2006 8 18 34
2006 8 21 33.9599990844727
2006 8 22 33.9599990844727
2006 8 23 33.7900009155273
2006 8 24 33.8499984741211
2006 8 25 33.8400001525879
2006 8 28 33.9300003051758
2006 8 29 34.189998626709
2006 8 30 34.2700004577637
2006 8 31 34.060001373291
2006 9 1 34.1399993896484
2006 9 5 33.9700012207031
2006 9 6 33.9500007629395
2006 9 7 34.0400009155273
2006 9 8 34.0099983215332
2006 9 11 34.4300003051758
2006 9 12 34.6699981689453
2006 9 13 34.8400001525879
2006 9 14 34.7799987792969
2006 9 15 34.8499984741211
2006 9 18 34.8699989318848
2006 9 19 34.8499984741211
2006 9 20 35.0200004577637
2006 9 21 34.439998626709
2006 9 22 34.4000015258789
2006 9 25 34.8899993896484
2006 9 26 35.439998626709
2006 9 27 35.3400001525879
2006 9 28 35.4799995422363
2006 9 29 35.2999992370605
2006 10 2 35.5
2006 10 3 35.7099990844727
2006 10 4 36.0999984741211
2006 10 5 36.2900009155273
2006 10 6 36.1399993896484
2006 10 9 36.1599998474121
2006 10 10 36.2999992370605
2006 10 11 36.1699981689453
2006 10 12 36.2200012207031
2006 10 13 35.9799995422363
2006 10 16 35.560001373291
2006 10 17 35.560001373291
2006 10 18 35.560001373291
2006 10 19 35.2799987792969
2006 10 20 35.4700012207031
2006 10 23 35.5299987792969
2006 10 24 35.4199981689453
2006 10 25 35.6100006103516
2006 10 26 35.5900001525879
2006 10 27 35.2099990844727
2006 10 30 35.2000007629395
2006 10 31 35.1100006103516
2006 11 1 34.9000015258789
2006 11 2 34.7099990844727
2006 11 3 34.7700004577637
2006 11 6 35.2700004577637
2006 11 7 35.5400009155273
2006 11 8 35.5800018310547
2006 11 9 35.2900009155273
2006 11 10 35.1699981689453
2006 11 13 35.3600006103516
2006 11 14 35.5900001525879
2006 11 15 35.7900009155273
2006 11 16 35.9599990844727
2006 11 17 36.25
2006 11 20 35.9799995422363
2006 11 21 35.7999992370605
2006 11 22 35.9900016784668
2006 11 24 35.689998626709
2006 11 27 35.4500007629395
2006 11 28 35.2000007629395
2006 11 29 35.3499984741211
2006 11 30 35.2799987792969
2006 12 1 35.2799987792969
2006 12 4 35.3899993896484
2006 12 5 35.2700004577637
2006 12 6 35.1100006103516
2006 12 7 35.1599998474121
2006 12 8 35.2700004577637
2006 12 11 35.2200012207031
2006 12 12 35.6399993896484
2006 12 13 35.5
2006 12 14 36.2099990844727
2006 12 15 37.3600006103516
2006 12 18 38
2006 12 19 38.0099983215332
2006 12 20 38.1500015258789
2006 12 21 37.7700004577637
2006 12 22 37.5699996948242
2006 12 26 37.7099990844727
2006 12 27 37.7900009155273
2006 12 28 37.4799995422363
2006 12 29 37.2099990844727
2007 1 3 37.9700012207031
2007 1 4 37.75
2007 1 5 37.560001373291
2007 1 8 37.5499992370605
2007 1 9 37.5499992370605
2007 1 10 37.560001373291
2007 1 11 37.9199981689453
2007 1 12 37.8899993896484
2007 1 16 38.1100006103516
2007 1 17 37.9799995422363
2007 1 18 38
2007 1 19 36.9500007629395
2007 1 22 36.75
2007 1 23 36.5499992370605
2007 1 24 36.6399993896484
2007 1 25 36.3400001525879
2007 1 26 36.0699996948242
2007 1 29 36.189998626709
2007 1 30 36.0299987792969
2007 1 31 36.0499992370605
2007 2 1 36.2299995422363
2007 2 2 36.2700004577637
2007 2 5 36.3699989318848
2007 2 6 36.310001373291
2007 2 7 36.0999984741211
2007 2 8 35.7400016784668
2007 2 9 35.5299987792969
2007 2 12 35.6399993896484
2007 2 13 35.7700004577637
2007 2 14 36.4700012207031
2007 2 15 36.1399993896484
2007 2 16 35.8699989318848
2007 2 20 36.1100006103516
2007 2 21 35.9099998474121
2007 2 22 35.4000015258789
2007 2 23 35.0999984741211
2007 2 26 35.3400001525879
2007 2 27 34.6599998474121
2007 2 28 34.9099998474121
2007 3 1 35
2007 3 2 34.8699989318848
2007 3 5 34.5499992370605
2007 3 6 34.7200012207031
2007 3 7 34.3300018310547
2007 3 8 34.4500007629395
2007 3 9 34.3199996948242
2007 3 12 34.439998626709
2007 3 13 34.0900001525879
2007 3 14 34.310001373291
2007 3 15 34.5200004577637
2007 3 16 34.3600006103516
2007 3 19 34.6699981689453
2007 3 20 34.7700004577637
2007 3 21 35.4799995422363
2007 3 22 35.810001373291
2007 3 23 35.8199996948242
2007 3 26 36
2007 3 27 35.7900009155273
2007 3 28 35.5499992370605
2007 3 29 35.5499992370605
2007 3 30 35.3600006103516
2007 4 2 35.2900009155273
2007 4 3 35.3199996948242
2007 4 4 35.1100006103516
2007 4 5 35.0200004577637
2007 4 9 34.7799987792969
2007 4 10 34.8800010681152
2007 4 11 34.9500007629395
2007 4 12 35.1800003051758
2007 4 13 35.3800010681152
2007 4 16 35.3600006103516
2007 4 17 35.2000007629395
2007 4 18 35.1300010681152
2007 4 19 35
2007 4 20 35.1300010681152
2007 4 23 34.7999992370605
2007 4 24 34.7599983215332
2007 4 25 35.4099998474121
2007 4 26 35.8400001525879
2007 4 27 36.8400001525879
2007 4 30 36.8600006103516
2007 5 1 37.0999984741211
2007 5 2 37.310001373291
2007 5 3 37.3400001525879
2007 5 4 37.1500015258789
2007 5 7 37.2400016784668
2007 5 8 37.0800018310547
2007 5 9 37.2599983215332
2007 5 10 36.7799987792969
2007 5 11 36.9700012207031
2007 5 14 36.5999984741211
2007 5 15 36.6399993896484
2007 5 16 36.8300018310547
2007 5 17 36.5299987792969
2007 5 18 36.9599990844727
2007 5 21 37.0999984741211
2007 5 22 37.3400001525879
2007 5 23 37.5999984741211
2007 5 24 37.3800010681152
2007 5 25 37.560001373291
2007 5 29 37.4000015258789
2007 5 30 37.7299995422363
2007 5 31 37.5800018310547
2007 6 1 37.4500007629395
2007 6 4 37.810001373291
2007 6 5 37.4000015258789
2007 6 6 37.2900009155273
2007 6 7 36.7599983215332
2007 6 8 37.3199996948242
2007 6 11 37.4599990844727
2007 6 12 37.0499992370605
2007 6 13 37.6399993896484
2007 6 14 37.7999992370605
2007 6 15 38.1199989318848
2007 6 18 38.0699996948242
2007 6 19 39.2900009155273
2007 6 20 39.0699996948242
2007 6 21 38.7999992370605
2007 6 22 38.2400016784668
2007 6 25 38.2099990844727
2007 6 26 38.0200004577637
2007 6 27 38.060001373291
2007 6 28 38.1199989318848
2007 6 29 38.2799987792969
2007 7 2 38.2599983215332
2007 7 3 38.7000007629395
2007 7 5 38.5400009155273
2007 7 6 38.4799995422363
2007 7 9 38.6199989318848
2007 7 10 37.9000015258789
2007 7 11 38.2000007629395
2007 7 12 39
2007 7 13 39.5
2007 7 16 40.1199989318848
2007 7 17 40.7099990844727
2007 7 18 40.4500007629395
2007 7 19 40.7099990844727
2007 7 20 40.1199989318848
2007 7 23 40.8199996948242
2007 7 24 40.2200012207031
2007 7 25 40.4199981689453
2007 7 26 39.5299987792969
2007 7 27 38.7900009155273
2007 7 30 39.2700004577637
2007 7 31 38.7599983215332
2007 8 1 38.9500007629395
2007 8 2 39.0299987792969
2007 8 3 38.060001373291
2007 8 6 39.0999984741211
2007 8 7 39.4799995422363
2007 8 8 40.4599990844727
2007 8 9 38.939998626709
2007 8 10 38.2299995422363
2007 8 13 38.1699981689453
2007 8 14 37.6800003051758
2007 8 15 36.9000015258789
2007 8 16 37.2000007629395
2007 8 17 38.4500007629395
2007 8 20 38.2200012207031
2007 8 21 38.3499984741211
2007 8 22 39.1399993896484
2007 8 23 39.1199989318848
2007 8 24 39.4099998474121
2007 8 27 39
2007 8 28 38.0499992370605
2007 8 29 38.7099990844727
2007 8 30 38.4000015258789
2007 8 31 38.8699989318848
2007 9 4 39.0400009155273
2007 9 5 38.75
2007 9 6 39.4000015258789
2007 9 7 38.75
2007 9 10 39.189998626709
2007 9 11 39.5
2007 9 12 39.9000015258789
2007 9 13 40.5099983215332
2007 9 14 40.3499984741211
2007 9 17 40.1800003051758
2007 9 18 41.6800003051758
2007 9 19 41.7700004577637
2007 9 20 41.2400016784668
2007 9 21 41.25
2007 9 24 40.8499984741211
2007 9 25 41.0999984741211
2007 9 26 41.2700004577637
2007 9 27 41.3899993896484
2007 9 28 41.4000015258789
2007 10 1 42.0200004577637
2007 10 2 42.1199989318848
2007 10 3 41.5499992370605
2007 10 4 41.7000007629395
2007 10 5 41.7700004577637
2007 10 8 41.5299987792969
2007 10 9 42.0200004577637
2007 10 10 41.810001373291
2007 10 11 41.5999984741211
2007 10 12 41.0299987792969
2007 10 15 40.8199996948242
2007 10 16 40.7700004577637
2007 10 17 41
2007 10 18 40.7900009155273
2007 10 19 40.0400009155273
2007 10 22 40.1699981689453
2007 10 23 40.4799995422363
2007 10 24 40.2299995422363
2007 10 25 40.1599998474121
2007 10 26 40.3800010681152
2007 10 29 40.560001373291
2007 10 30 40.4799995422363
2007 10 31 41.1599998474121
2007 11 1 40.3400001525879
2007 11 2 40.3300018310547
2007 11 5 40.2000007629395
2007 11 6 40.1800003051758
2007 11 7 39.0800018310547
2007 11 8 39.0200004577637
2007 11 9 38.3800010681152
2007 11 12 38.25
2007 11 13 39.2099990844727
2007 11 14 39.0099983215332
2007 11 15 38.310001373291
2007 11 16 38.6500015258789
2007 11 19 38.1599998474121
2007 11 20 38.0400009155273
2007 11 21 37.1699981689453
2007 11 23 37.6699981689453
2007 11 26 36.7299995422363
2007 11 27 37.4500007629395
2007 11 28 38.4599990844727
2007 11 29 38.1399993896484
2007 11 30 38.2900009155273
2007 12 3 36.9300003051758
2007 12 4 36.25
2007 12 5 36.7099990844727
2007 12 6 37.2599983215332
2007 12 7 37.2299995422363
2007 12 10 37.4099998474121
2007 12 11 37.0299987792969
2007 12 12 37.25
2007 12 13 37.5800018310547
2007 12 14 36.9099998474121
2007 12 17 36.4799995422363
2007 12 18 36.7999992370605
2007 12 19 36.5699996948242
2007 12 20 36.5200004577637
2007 12 21 37.1399993896484
2007 12 24 37.5299987792969
2007 12 26 37.5499992370605
2007 12 27 37.189998626709
2007 12 28 37.3400001525879
2007 12 31 37.0699996948242
2008 1 2 36.7599983215332
2008 1 3 36.7999992370605
2008 1 4 36.0400009155273
2008 1 7 36.1800003051758
2008 1 8 35.4000015258789
2008 1 9 35.7999992370605
2008 1 10 35.9199981689453
2008 1 11 35.1699981689453
2008 1 14 35.4599990844727
2008 1 15 34.5299987792969
2008 1 16 34.560001373291
2008 1 17 33.2099990844727
2008 1 18 34.310001373291
2008 1 22 34.0499992370605
2008 1 23 34.5900001525879
2008 1 24 34.6500015258789
2008 1 25 34
2008 1 28 34.7200012207031
2008 1 29 34.7599983215332
2008 1 30 34.939998626709
2008 1 31 35.3600006103516
2008 2 1 36.1599998474121
2008 2 4 35.3699989318848
2008 2 5 34.2099990844727
2008 2 6 34.2000007629395
2008 2 7 34.2299995422363
2008 2 8 33.8400001525879
2008 2 11 34.0099983215332
2008 2 12 34.3699989318848
2008 2 13 34.9799995422363
2008 2 14 34.3899993896484
2008 2 15 34.3699989318848
2008 2 19 34.2799987792969
2008 2 20 34.3600006103516
2008 2 21 33.689998626709
2008 2 22 33.5499992370605
2008 2 25 34.2099990844727
2008 2 26 33.939998626709
2008 2 27 34.0200004577637
2008 2 28 33.8499984741211
2008 2 29 33.1399993896484
2008 3 3 33.4000015258789
2008 3 4 33.5200004577637
2008 3 5 33.6699981689453
2008 3 6 32.8600006103516
2008 3 7 32.2299995422363
2008 3 10 31.7000007629395
2008 3 11 33.4000015258789
2008 3 12 33.9599990844727
2008 3 13 34.25
2008 3 14 33.8199996948242
2008 3 17 34.3300018310547
2008 3 18 36.1399993896484
2008 3 19 35.5900001525879
2008 3 20 37.4900016784668
2008 3 24 37.4000015258789
2008 3 25 37.2700004577637
2008 3 26 37.1300010681152
2008 3 27 36.8300018310547
2008 3 28 36.6100006103516
2008 3 31 37.0099983215332
2008 4 1 38.4300003051758
2008 4 2 38.0200004577637
2008 4 3 37.8400001525879
2008 4 4 37.560001373291
2008 4 7 37.2599983215332
2008 4 8 36.9500007629395
2008 4 9 36.439998626709
2008 4 10 36.75
2008 4 11 32.0499992370605
2008 4 14 31.75
2008 4 15 31.9799995422363
2008 4 16 32.2299995422363
2008 4 17 32.0200004577637
2008 4 18 32.689998626709
2008 4 21 32.4599990844727
2008 4 22 32.3300018310547
2008 4 23 32.3600006103516
2008 4 24 32.810001373291
2008 4 25 33.3300018310547
2008 4 28 33.1699981689453
2008 4 29 32.8199996948242
2008 4 30 32.7000007629395
2008 5 1 33.1199989318848
2008 5 2 33.3400001525879
2008 5 5 33.1800003051758
2008 5 6 33
2008 5 7 32.5699996948242
2008 5 8 32.5900001525879
2008 5 9 32.2700004577637
2008 5 12 32.4000015258789
2008 5 13 32.3300018310547
2008 5 14 32.5099983215332
2008 5 15 32.3699989318848
2008 5 16 32.1300010681152
2008 5 19 32.4000015258789
2008 5 20 31.7199993133545
2008 5 21 30.9899997711182
2008 5 22 31.0100002288818
2008 5 23 30.4300003051758
2008 5 27 30.3999996185303
2008 5 28 30.5499992370605
2008 5 29 30.6399993896484
2008 5 30 30.7199993133545
2008 6 2 30.4099998474121
2008 6 3 30.4599990844727
2008 6 4 30.4500007629395
2008 6 5 31.0599994659424
2008 6 6 30.0200004577637
2008 6 9 30.0599994659424
2008 6 10 30.3299999237061
2008 6 11 29.8299999237061
2008 6 12 29.0499992370605
2008 6 13 29.1499996185303
2008 6 16 28.9699993133545
2008 6 17 28.8600006103516
2008 6 18 28.2099990844727
2008 6 19 27.9099998474121
2008 6 20 27.3799991607666
2008 6 23 27.3999996185303
2008 6 24 27.5900001525879
2008 6 25 27.9899997711182
2008 6 26 26.5300006866455
2008 6 27 26.2600002288818
2008 6 30 26.6900005340576
2008 7 1 27.1200008392334
2008 7 2 26.5100002288818
2008 7 3 26.9099998474121
2008 7 7 27.1000003814697
2008 7 8 28.0599994659424
2008 7 9 27.1900005340576
2008 7 10 27.6399993896484
2008 7 11 27.6599998474121
2008 7 14 27.1800003051758
2008 7 15 26.6499996185303
2008 7 16 27.6800003051758
2008 7 17 28
2008 7 18 28
2008 7 21 27.6900005340576
2008 7 22 28.5
2008 7 23 29.3299999237061
2008 7 24 28.7099990844727
2008 7 25 28.7099990844727
2008 7 28 27.6900005340576
2008 7 29 28.3999996185303
2008 7 30 28.9699993133545
2008 7 31 28.2900009155273
2008 8 1 28.2099990844727
2008 8 4 28.1700000762939
2008 8 5 29.25
2008 8 6 29
2008 8 7 28.5699996948242
2008 8 8 29.6399993896484
2008 8 11 29.9500007629395
2008 8 12 29.7399997711182
2008 8 13 29.3099994659424
2008 8 14 29.5200004577637
2008 8 15 29.7999992370605
2008 8 18 29.3500003814697
2008 8 19 28.7099990844727
2008 8 20 28.6499996185303
2008 8 21 28.75
2008 8 22 29.1200008392334
2008 8 25 28.3199996948242
2008 8 26 28.2700004577637
2008 8 27 28.2199993133545
2008 8 28 28.8299999237061
2008 8 29 28.1000003814697
2008 9 2 28.5300006866455
2008 9 3 28.5699996948242
2008 9 4 27.7000007629395
2008 9 5 27.8799991607666
2008 9 8 29.0900001525879
2008 9 9 28.1200008392334
2008 9 10 28.0900001525879
2008 9 11 28.1599998474121
2008 9 12 26.75
2008 9 15 24.6000003814697
2008 9 16 25.0599994659424
2008 9 17 23.3899993896484
2008 9 18 24.7900009155273
2008 9 19 26.6200008392334
2008 9 22 26.1499996185303
2008 9 23 24.9500007629395
2008 9 24 24.5900001525879
2008 9 25 25.6800003051758
2008 9 26 25.25
2008 9 29 23.1000003814697
2008 9 30 25.5
2008 10 1 24.5
2008 10 2 22.1499996185303
2008 10 3 21.5699996948242
2008 10 6 21.3799991607666
2008 10 7 20.2999992370605
2008 10 8 20.6499996185303
2008 10 9 19.0100002288818
2008 10 10 21.5
2008 10 13 21
2008 10 14 20.8500003814697
2008 10 15 19.25
2008 10 16 19.8899993896484
2008 10 17 19.6299991607666
2008 10 20 20.1399993896484
2008 10 21 20.3500003814697
2008 10 22 18.9599990844727
2008 10 23 18.7999992370605
2008 10 24 17.8299999237061
2008 10 27 17.7299995422363
2008 10 28 19.4899997711182
2008 10 29 19.2000007629395
2008 10 30 19.3500003814697
2008 10 31 19.5100002288818
2008 11 3 19.2999992370605
2008 11 4 20.7700004577637
2008 11 5 19.9300003051758
2008 11 6 18.3400001525879
2008 11 7 18.8600006103516
2008 11 10 18.4500007629395
2008 11 11 17.8099994659424
2008 11 12 16.2900009155273
2008 11 13 16.8600006103516
2008 11 14 16.0200004577637
2008 11 17 16.1100006103516
2008 11 18 16.0599994659424
2008 11 19 14.4499998092651
2008 11 20 12.8400001525879
2008 11 21 14.0299997329712
2008 11 24 15.2600002288818
2008 11 25 15.7700004577637
2008 11 26 16.1900005340576
2008 11 28 17.1700000762939
2008 12 1 15.5
2008 12 2 17.6100006103516
2008 12 3 18.1299991607666
2008 12 4 17.5499992370605
2008 12 5 17.8500003814697
2008 12 8 18.8799991607666
2008 12 9 17.7800006866455
2008 12 10 18
2008 12 11 17.0499992370605
2008 12 12 17.1100006103516
2008 12 15 16.9500007629395
2008 12 16 17.9200000762939
2008 12 17 17.3899993896484
2008 12 18 15.960000038147
2008 12 19 16.5
2008 12 22 16.0699996948242
2008 12 23 16.4300003051758
2008 12 24 16.1100006103516
2008 12 26 15.9700002670288
2008 12 29 15.6599998474121
2008 12 30 15.8199996948242
2008 12 31 16.2000007629395
2009 1 2 17.0699996948242
2009 1 5 16.6299991607666
2009 1 6 16.8600006103516
2009 1 7 16.1100006103516
2009 1 8 16.1399993896484
2009 1 9 16
2009 1 12 15.8299999237061
2009 1 13 14.9399995803833
2009 1 14 14.1099996566772
2009 1 15 13.7700004577637
2009 1 16 13.960000038147
2009 1 20 12.9300003051758
2009 1 21 13.0299997329712
2009 1 22 13.4799995422363
2009 1 23 12.0299997329712
2009 1 26 12.4200000762939
2009 1 27 13.0600004196167
2009 1 28 13.5
2009 1 29 12.7200002670288
2009 1 30 12.1300001144409
2009 2 2 11.6199998855591
2009 2 3 11.3699998855591
2009 2 4 11.2600002288818
2009 2 5 10.8500003814697
2009 2 6 11.1000003814697
2009 2 9 12.6400003433228
2009 2 10 11.6199998855591
2009 2 11 11.9399995803833
2009 2 12 11.6800003051758
2009 2 13 11.4399995803833
2009 2 17 10.8100004196167
2009 2 18 10.8599996566772
2009 2 19 10.0600004196167
2009 2 20 9.38000011444092
2009 2 23 8.85000038146973
2009 2 24 9.07999992370605
2009 2 25 9.01000022888184
2009 2 26 9.10000038146973
2009 2 27 8.51000022888184
2009 3 2 7.59999990463257
2009 3 3 7.01000022888184
2009 3 4 6.69000005722046
2009 3 5 6.65999984741211
2009 3 6 7.05999994277954
2009 3 9 7.40999984741211
2009 3 10 8.86999988555908
2009 3 11 8.48999977111816
2009 3 12 9.56999969482422
2009 3 13 9.61999988555908
2009 3 16 9.65999984741211
2009 3 17 10
2009 3 18 10.3199996948242
2009 3 19 10.1300001144409
2009 3 20 9.53999996185303
2009 3 23 10.4300003051758
2009 3 24 10.4099998474121
2009 3 25 10.4899997711182
2009 3 26 10.8999996185303
2009 3 27 10.7799997329712
2009 3 30 9.93000030517578
2009 3 31 10.1099996566772
2009 4 1 10.1700000762939
2009 4 2 10.7399997711182
2009 4 3 10.9399995803833
2009 4 6 11.1899995803833
2009 4 7 10.6499996185303
2009 4 8 10.6400003433228
2009 4 9 11.3299999237061
2009 4 13 12.1300001144409
2009 4 14 11.5100002288818
2009 4 15 11.8299999237061
2009 4 16 12.2700004577637
2009 4 17 12.3900003433228
2009 4 20 11.3500003814697
2009 4 21 11.6999998092651
2009 4 22 11.8000001907349
2009 4 23 11.8800001144409
2009 4 24 12.1099996566772
2009 4 27 12.0900001525879
2009 4 28 12
2009 4 29 12.2200002670288
2009 4 30 12.6499996185303
2009 5 1 12.6899995803833
2009 5 4 13.1000003814697
2009 5 5 13.1000003814697
2009 5 6 13.6700000762939
2009 5 7 13.960000038147
2009 5 8 14.5299997329712
2009 5 11 14.1899995803833
2009 5 12 13.6800003051758
2009 5 13 12.9099998474121
2009 5 14 13.039999961853
2009 5 15 12.8599996566772
2009 5 18 13.4700002670288
2009 5 19 13.6999998092651
2009 5 20 13.7700004577637
2009 5 21 13.2399997711182
2009 5 22 13.1000003814697
2009 5 26 13.3900003433228
2009 5 27 12.9899997711182
2009 5 28 13.1899995803833
2009 5 29 13.4799995422363
2009 6 1 13.8599996566772
2009 6 2 13.8000001907349
2009 6 3 13.5
2009 6 4 13.75
2009 6 5 13.539999961853
2009 6 8 13.5600004196167
2009 6 9 13.5699996948242
2009 6 10 13.3999996185303
2009 6 11 13.460000038147
2009 6 12 13.5100002288818
2009 6 15 13.1499996185303
2009 6 16 12.7799997329712
2009 6 17 12.25
2009 6 18 11.9700002670288
2009 6 19 12.1000003814697
2009 6 22 11.5200004577637
2009 6 23 11.6000003814697
2009 6 24 11.6999998092651
2009 6 25 11.8599996566772
2009 6 26 11.75
2009 6 29 11.7600002288818
2009 6 30 11.7200002670288
2009 7 1 11.7799997329712
2009 7 2 11.460000038147
2009 7 6 11.4799995422363
2009 7 7 11.0100002288818
2009 7 8 10.710000038147
2009 7 9 10.8599996566772
2009 7 10 10.7799997329712
2009 7 13 11.460000038147
2009 7 14 11.6400003433228
2009 7 15 12.2399997711182
2009 7 16 12.3999996185303
2009 7 17 11.6499996185303
2009 7 20 11.6700000762939
2009 7 21 11.4700002670288
2009 7 22 11.6300001144409
2009 7 23 11.9499998092651
2009 7 24 12.0299997329712
2009 7 27 12.3199996948242
2009 7 28 12.5200004577637
2009 7 29 12.2600002288818
2009 7 30 13.1099996566772
2009 7 31 13.3999996185303
2009 8 3 13.7200002670288
2009 8 4 13.8199996948242
2009 8 5 13.9899997711182
2009 8 6 14.3100004196167
2009 8 7 14.6999998092651
2009 8 10 14.5699996948242
2009 8 11 13.9899997711182
2009 8 12 14.1300001144409
2009 8 13 14.1000003814697
2009 8 14 13.9200000762939
2009 8 17 13.3599996566772
2009 8 18 13.5900001525879
2009 8 19 13.5299997329712
2009 8 20 13.8100004196167
2009 8 21 14.210000038147
2009 8 24 14.1999998092651
2009 8 25 14.3000001907349
2009 8 26 14.1099996566772
2009 8 27 14.1899995803833
2009 8 28 14.0799999237061
2009 8 31 13.8999996185303
2009 9 1 13.3400001525879
2009 9 2 13.1999998092651
2009 9 3 13.4499998092651
2009 9 4 13.8699998855591
2009 9 8 14.5
2009 9 9 14.8699998855591
2009 9 10 14.8000001907349
2009 9 11 14.6700000762939
2009 9 14 15.3500003814697
2009 9 15 16
2009 9 16 17
2009 9 17 16.6599998474121
2009 9 18 16.5
2009 9 21 16.7600002288818
2009 9 22 17.0100002288818
2009 9 23 17
2009 9 24 16.5799999237061
2009 9 25 16.3700008392334
2009 9 28 16.7600002288818
2009 9 29 16.7099990844727
2009 9 30 16.4200000762939
2009 10 1 15.9700002670288
2009 10 2 15.3599996566772
2009 10 5 15.8299999237061
2009 10 6 16.0799999237061
2009 10 7 16.1599998474121
2009 10 8 16.2199993133545
2009 10 9 16.1800003051758
2009 10 12 16.3299999237061
2009 10 13 16.3899993896484
2009 10 14 16.8400001525879
2009 10 15 16.7900009155273
2009 10 16 16.0799999237061
2009 10 19 15.8400001525879
2009 10 20 15.5799999237061
2009 10 21 15.5299997329712
2009 10 22 15.3400001525879
2009 10 23 15.1999998092651
2009 10 26 15.0100002288818
2009 10 27 14.9300003051758
2009 10 28 14.4200000762939
2009 10 29 14.8699998855591
2009 10 30 14.2600002288818
2009 11 2 14.4700002670288
2009 11 3 14.3199996948242
2009 11 4 14.1899995803833
2009 11 5 14.4300003051758
2009 11 6 15.3299999237061
2009 11 9 15.8500003814697
2009 11 10 15.7799997329712
2009 11 11 15.8299999237061
2009 11 12 15.75
2009 11 13 15.6599998474121
2009 11 16 16
2009 11 17 16.0200004577637
2009 11 18 16.0900001525879
2009 11 19 15.7600002288818
2009 11 20 15.5900001525879
2009 11 23 16.0200004577637
2009 11 24 16.1200008392334
2009 11 25 16.1800003051758
2009 11 27 15.9399995803833
2009 11 30 16.0200004577637
2009 12 1 16.1700000762939
2009 12 2 16.0699996948242
2009 12 3 16
2009 12 4 16.2000007629395
2009 12 7 16.0799999237061
2009 12 8 15.7200002670288
2009 12 9 15.6599998474121
2009 12 10 15.6099996566772
2009 12 11 15.9200000762939
2009 12 14 15.9499998092651
2009 12 15 15.75
2009 12 16 15.6899995803833
2009 12 17 15.789999961853
2009 12 18 15.5900001525879
2009 12 21 15.5699996948242
2009 12 22 15.4799995422363
2009 12 23 15.4099998474121
2009 12 24 15.4399995803833
2009 12 28 15.3400001525879
2009 12 29 15.4399995803833
2009 12 30 15.3500003814697
2009 12 31 15.1300001144409
2010 1 4 15.4499998092651
2010 1 5 15.5299997329712
2010 1 6 15.4499998092651
2010 1 7 16.25
2010 1 8 16.6000003814697
2010 1 11 16.7600002288818
2010 1 12 16.7700004577637
2010 1 13 16.8299999237061
2010 1 14 16.7000007629395
2010 1 15 16.4400005340576
2010 1 19 16.5400009155273
2010 1 20 16.5
2010 1 21 16.0200004577637
2010 1 22 16.1100006103516
2010 1 25 16.3700008392334
2010 1 26 16.3500003814697
2010 1 27 16.2999992370605
2010 1 28 16.1599998474121
2010 1 29 16.0799999237061
2010 2 1 16.25
2010 2 2 16.8500003814697
2010 2 3 16.6800003051758
2010 2 4 16.0400009155273
2010 2 5 15.789999961853
2010 2 8 15.6000003814697
2010 2 9 15.6000003814697
2010 2 10 15.6899995803833
2010 2 11 15.7700004577637
2010 2 12 15.5500001907349
2010 2 16 16.0400009155273
2010 2 17 16.1499996185303
2010 2 18 16.2399997711182
2010 2 19 16.1700000762939
2010 2 22 16.25
2010 2 23 15.9499998092651
2010 2 24 16.1200008392334
2010 2 25 15.9200000762939
2010 2 26 16.0599994659424
2010 3 1 15.8999996185303
2010 3 2 15.8999996185303
2010 3 3 16.0300006866455
2010 3 4 16.1100006103516
2010 3 5 16.3500003814697
2010 3 8 16.2700004577637
2010 3 9 16.4899997711182
2010 3 10 16.5100002288818
2010 3 11 16.4799995422363
2010 3 12 17.0400009155273
2010 3 15 17.2900009155273
2010 3 16 18.0699996948242
2010 3 17 18.0400009155273
2010 3 18 18.1900005340576
2010 3 19 18.0699996948242
2010 3 22 18.0699996948242
2010 3 23 18.3299999237061
2010 3 24 18.4500007629395
2010 3 25 18.2999992370605
2010 3 26 18.3400001525879
2010 3 29 18.3999996185303
2010 3 30 18.2999992370605
2010 3 31 18.2000007629395
2010 4 1 18.3299999237061
2010 4 5 18.5300006866455
2010 4 6 18.6000003814697
2010 4 7 18.5
2010 4 8 18.5599994659424
2010 4 9 18.5200004577637
2010 4 12 18.7099990844727
2010 4 13 18.9500007629395
2010 4 14 19.3500003814697
2010 4 15 19.5
2010 4 16 18.9699993133545
2010 4 19 18.9400005340576
2010 4 20 19
2010 4 21 19.0300006866455
2010 4 22 18.9500007629395
2010 4 23 19.0699996948242
2010 4 26 19.2999992370605
2010 4 27 18.7000007629395
2010 4 28 18.9500007629395
2010 4 29 19.4899997711182
2010 4 30 18.8600006103516
2010 5 3 19.2600002288818
2010 5 4 18.5799999237061
2010 5 5 18.1000003814697
2010 5 6 17.3099994659424
2010 5 7 16.8799991607666
2010 5 10 18.0400009155273
2010 5 11 18
2010 5 12 18.4400005340576
2010 5 13 18.0499992370605
2010 5 14 17.6399993896484
2010 5 17 17.5599994659424
2010 5 18 17.2299995422363
2010 5 19 17.2600002288818
2010 5 20 16.2600002288818
2010 5 21 16.4200000762939
2010 5 24 16.0100002288818
2010 5 25 15.9499998092651
2010 5 26 16.0100002288818
2010 5 27 16.6599998474121
2010 5 28 16.3500003814697
2010 6 1 15.9799995422363
2010 6 2 16.3500003814697
2010 6 3 16.4500007629395
2010 6 4 15.710000038147
2010 6 7 15.4099998474121
2010 6 8 15.4799995422363
2010 6 9 15.3199996948242
2010 6 10 15.6800003051758
2010 6 11 15.5600004196167
2010 6 14 15.3900003433228
2010 6 15 15.789999961853
2010 6 16 15.8500003814697
2010 6 17 15.9099998474121
2010 6 18 15.9499998092651
2010 6 21 16.1000003814697
2010 6 22 15.789999961853
2010 6 23 15.3900003433228
2010 6 24 15.0799999237061
2010 6 25 14.9099998474121
2010 6 28 15
2010 6 29 14.4799995422363
2010 6 30 14.4200000762939
2010 7 1 14.1199998855591
2010 7 2 13.8800001144409
2010 7 6 13.9700002670288
2010 7 7 14.6199998855591
2010 7 8 14.8299999237061
2010 7 9 14.9499998092651
2010 7 12 14.9300003051758
2010 7 13 15.210000038147
2010 7 14 15.1999998092651
2010 7 15 15.25
2010 7 16 14.5500001907349
2010 7 19 14.6199998855591
2010 7 20 14.9399995803833
2010 7 21 14.8400001525879
2010 7 22 15.210000038147
2010 7 23 15.710000038147
2010 7 26 16.1399993896484
2010 7 27 16.1800003051758
2010 7 28 16.0499992370605
2010 7 29 16.1499996185303
2010 7 30 16.1200008392334
2010 8 2 16.4099998474121
2010 8 3 16.3999996185303
2010 8 4 16.4799995422363
2010 8 5 16.5200004577637
2010 8 6 16.4500007629395
2010 8 9 16.3799991607666
2010 8 10 16.25
2010 8 11 15.6999998092651
2010 8 12 15.5
2010 8 13 15.3800001144409
2010 8 16 15.460000038147
2010 8 17 15.5799999237061
2010 8 18 15.6999998092651
2010 8 19 15.25
2010 8 20 15.0299997329712
2010 8 23 14.8900003433228
2010 8 24 14.5699996948242
2010 8 25 14.5699996948242
2010 8 26 14.5
2010 8 27 14.710000038147
2010 8 30 14.5200004577637
2010 8 31 14.4799995422363
2010 9 1 15.0100002288818
2010 9 2 15.1499996185303
2010 9 3 15.3900003433228
2010 9 7 15.4399995803833
2010 9 8 15.6999998092651
2010 9 9 15.9099998474121
2010 9 10 15.9799995422363
2010 9 13 16.25
2010 9 14 16.1599998474121
2010 9 15 16.3400001525879
